emailmin,emailhr,educ,email_time,email_time_center,educ_center
0.0,12.0,16.0,720.0,0.12,0.7777777777777778
30.0,0.0,12.0,30.0,0.005,0.5555555555555556
10.0,0.0,12.0,10.0,0.0016666666666666668,0.5555555555555556
0.0,2.0,14.0,120.0,0.02,0.6666666666666666
0.0,40.0,14.0,2400.0,0.4,0.6666666666666666
0.0,0.0,12.0,0.0,0.0,0.5555555555555556
0.0,2.0,12.0,120.0,0.02,0.5555555555555556
0.0,10.0,12.0,600.0,0.1,0.5555555555555556
30.0,0.0,10.0,30.0,0.005,0.4444444444444444
0.0,1.0,10.0,60.0,0.01,0.4444444444444444
0.0,1.0,18.0,60.0,0.01,0.8888888888888888
0.0,2.0,13.0,120.0,0.02,0.6111111111111112
0.0,25.0,12.0,1500.0,0.25,0.5555555555555556
0.0,1.0,10.0,60.0,0.01,0.4444444444444444
0.0,0.0,14.0,0.0,0.0,0.6666666666666666
10.0,0.0,18.0,10.0,0.0016666666666666668,0.8888888888888888
0.0,1.0,12.0,60.0,0.01,0.5555555555555556
0.0,2.0,12.0,120.0,0.02,0.5555555555555556
0.0,0.0,12.0,0.0,0.0,0.5555555555555556
30.0,0.0,12.0,30.0,0.005,0.5555555555555556
0.0,5.0,16.0,300.0,0.05,0.7777777777777778
0.0,2.0,16.0,120.0,0.02,0.7777777777777778
0.0,1.0,12.0,60.0,0.01,0.5555555555555556
0.0,7.0,16.0,420.0,0.07,0.7777777777777778
30.0,1.0,17.0,90.0,0.015,0.8333333333333334
0.0,60.0,16.0,3600.0,0.6,0.7777777777777778
0.0,4.0,16.0,240.0,0.04,0.7777777777777778
0.0,20.0,16.0,1200.0,0.2,0.7777777777777778
0.0,45.0,16.0,2700.0,0.45,0.7777777777777778
0.0,2.0,12.0,120.0,0.02,0.5555555555555556
0.0,1.0,13.0,60.0,0.01,0.6111111111111112
0.0,0.0,16.0,0.0,0.0,0.7777777777777778
0.0,7.0,16.0,420.0,0.07,0.7777777777777778
0.0,2.0,17.0,120.0,0.02,0.8333333333333334
0.0,25.0,17.0,1500.0,0.25,0.8333333333333334
45.0,0.0,10.0,45.0,0.0075,0.4444444444444444
20.0,0.0,12.0,20.0,0.0033333333333333335,0.5555555555555556
0.0,1.0,13.0,60.0,0.01,0.6111111111111112
0.0,60.0,12.0,3600.0,0.6,0.5555555555555556
20.0,0.0,10.0,20.0,0.0033333333333333335,0.4444444444444444
0.0,0.0,10.0,0.0,0.0,0.4444444444444444
0.0,44.0,14.0,2640.0,0.44,0.6666666666666666
0.0,1.0,12.0,60.0,0.01,0.5555555555555556
0.0,1.0,18.0,60.0,0.01,0.8888888888888888
0.0,15.0,20.0,900.0,0.15,1.0
0.0,10.0,18.0,600.0,0.1,0.8888888888888888
0.0,40.0,14.0,2400.0,0.4,0.6666666666666666
0.0,2.0,16.0,120.0,0.02,0.7777777777777778
0.0,2.0,12.0,120.0,0.02,0.5555555555555556
0.0,60.0,16.0,3600.0,0.6,0.7777777777777778
0.0,5.0,12.0,300.0,0.05,0.5555555555555556
0.0,5.0,19.0,300.0,0.05,0.9444444444444444
0.0,15.0,15.0,900.0,0.15,0.7222222222222222
0.0,1.0,16.0,60.0,0.01,0.7777777777777778
0.0,10.0,16.0,600.0,0.1,0.7777777777777778
0.0,0.0,12.0,0.0,0.0,0.5555555555555556
0.0,5.0,11.0,300.0,0.05,0.5
0.0,3.0,16.0,180.0,0.03,0.7777777777777778
0.0,2.0,14.0,120.0,0.02,0.6666666666666666
0.0,4.0,20.0,240.0,0.04,1.0
45.0,0.0,19.0,45.0,0.0075,0.9444444444444444
0.0,7.0,12.0,420.0,0.07,0.5555555555555556
0.0,1.0,18.0,60.0,0.01,0.8888888888888888
0.0,50.0,12.0,3000.0,0.5,0.5555555555555556
0.0,1.0,16.0,60.0,0.01,0.7777777777777778
0.0,1.0,15.0,60.0,0.01,0.7222222222222222
0.0,10.0,12.0,600.0,0.1,0.5555555555555556
0.0,20.0,16.0,1200.0,0.2,0.7777777777777778
0.0,40.0,20.0,2400.0,0.4,1.0
0.0,20.0,16.0,1200.0,0.2,0.7777777777777778
30.0,3.0,12.0,210.0,0.035,0.5555555555555556
0.0,1.0,14.0,60.0,0.01,0.6666666666666666
0.0,8.0,16.0,480.0,0.08,0.7777777777777778
0.0,1.0,16.0,60.0,0.01,0.7777777777777778
0.0,1.0,14.0,60.0,0.01,0.6666666666666666
10.0,0.0,14.0,10.0,0.0016666666666666668,0.6666666666666666
0.0,30.0,16.0,1800.0,0.3,0.7777777777777778
30.0,0.0,14.0,30.0,0.005,0.6666666666666666
0.0,50.0,12.0,3000.0,0.5,0.5555555555555556
0.0,2.0,16.0,120.0,0.02,0.7777777777777778
0.0,5.0,15.0,300.0,0.05,0.7222222222222222
0.0,20.0,18.0,1200.0,0.2,0.8888888888888888
0.0,1.0,14.0,60.0,0.01,0.6666666666666666
0.0,3.0,16.0,180.0,0.03,0.7777777777777778
0.0,40.0,13.0,2400.0,0.4,0.6111111111111112
0.0,0.0,12.0,0.0,0.0,0.5555555555555556
0.0,5.0,15.0,300.0,0.05,0.7222222222222222
0.0,10.0,18.0,600.0,0.1,0.8888888888888888
0.0,7.0,13.0,420.0,0.07,0.6111111111111112
0.0,1.0,11.0,60.0,0.01,0.5
15.0,0.0,12.0,15.0,0.0025,0.5555555555555556
0.0,1.0,14.0,60.0,0.01,0.6666666666666666
0.0,30.0,14.0,1800.0,0.3,0.6666666666666666
0.0,20.0,16.0,1200.0,0.2,0.7777777777777778
0.0,1.0,12.0,60.0,0.01,0.5555555555555556
0.0,1.0,14.0,60.0,0.01,0.6666666666666666
0.0,1.0,12.0,60.0,0.01,0.5555555555555556
0.0,1.0,13.0,60.0,0.01,0.6111111111111112
0.0,8.0,12.0,480.0,0.08,0.5555555555555556
0.0,0.0,8.0,0.0,0.0,0.3333333333333333
0.0,0.0,9.0,0.0,0.0,0.3888888888888889
0.0,1.0,8.0,60.0,0.01,0.3333333333333333
0.0,4.0,9.0,240.0,0.04,0.3888888888888889
0.0,25.0,14.0,1500.0,0.25,0.6666666666666666
0.0,4.0,16.0,240.0,0.04,0.7777777777777778
0.0,1.0,15.0,60.0,0.01,0.7222222222222222
0.0,12.0,16.0,720.0,0.12,0.7777777777777778
0.0,42.0,15.0,2520.0,0.42,0.7222222222222222
0.0,2.0,12.0,120.0,0.02,0.5555555555555556
0.0,5.0,16.0,300.0,0.05,0.7777777777777778
0.0,10.0,16.0,600.0,0.1,0.7777777777777778
0.0,5.0,20.0,300.0,0.05,1.0
0.0,10.0,16.0,600.0,0.1,0.7777777777777778
30.0,0.0,14.0,30.0,0.005,0.6666666666666666
0.0,4.0,20.0,240.0,0.04,1.0
0.0,12.0,12.0,720.0,0.12,0.5555555555555556
0.0,2.0,15.0,120.0,0.02,0.7222222222222222
20.0,0.0,12.0,20.0,0.0033333333333333335,0.5555555555555556
0.0,2.0,19.0,120.0,0.02,0.9444444444444444
0.0,1.0,16.0,60.0,0.01,0.7777777777777778
0.0,0.0,12.0,0.0,0.0,0.5555555555555556
0.0,8.0,13.0,480.0,0.08,0.6111111111111112
0.0,8.0,14.0,480.0,0.08,0.6666666666666666
0.0,5.0,12.0,300.0,0.05,0.5555555555555556
0.0,5.0,16.0,300.0,0.05,0.7777777777777778
0.0,5.0,16.0,300.0,0.05,0.7777777777777778
0.0,2.0,12.0,120.0,0.02,0.5555555555555556
0.0,8.0,18.0,480.0,0.08,0.8888888888888888
0.0,2.0,16.0,120.0,0.02,0.7777777777777778
0.0,20.0,19.0,1200.0,0.2,0.9444444444444444
0.0,1.0,16.0,60.0,0.01,0.7777777777777778
2.0,0.0,12.0,2.0,0.0003333333333333333,0.5555555555555556
10.0,0.0,12.0,10.0,0.0016666666666666668,0.5555555555555556
10.0,0.0,14.0,10.0,0.0016666666666666668,0.6666666666666666
0.0,0.0,7.0,0.0,0.0,0.2777777777777778
0.0,1.0,12.0,60.0,0.01,0.5555555555555556
0.0,7.0,12.0,420.0,0.07,0.5555555555555556
0.0,1.0,17.0,60.0,0.01,0.8333333333333334
0.0,10.0,15.0,600.0,0.1,0.7222222222222222
0.0,20.0,12.0,1200.0,0.2,0.5555555555555556
0.0,8.0,20.0,480.0,0.08,1.0
0.0,1.0,14.0,60.0,0.01,0.6666666666666666
0.0,2.0,12.0,120.0,0.02,0.5555555555555556
0.0,2.0,12.0,120.0,0.02,0.5555555555555556
0.0,2.0,16.0,120.0,0.02,0.7777777777777778
0.0,1.0,13.0,60.0,0.01,0.6111111111111112
0.0,90.0,14.0,5400.0,0.9,0.6666666666666666
0.0,10.0,20.0,600.0,0.1,1.0
0.0,2.0,12.0,120.0,0.02,0.5555555555555556
0.0,75.0,13.0,4500.0,0.75,0.6111111111111112
0.0,5.0,17.0,300.0,0.05,0.8333333333333334
0.0,1.0,16.0,60.0,0.01,0.7777777777777778
0.0,1.0,12.0,60.0,0.01,0.5555555555555556
0.0,0.0,13.0,0.0,0.0,0.6111111111111112
10.0,0.0,18.0,10.0,0.0016666666666666668,0.8888888888888888
0.0,5.0,16.0,300.0,0.05,0.7777777777777778
0.0,1.0,16.0,60.0,0.01,0.7777777777777778
0.0,25.0,16.0,1500.0,0.25,0.7777777777777778
0.0,6.0,13.0,360.0,0.06,0.6111111111111112
40.0,1.0,20.0,100.0,0.016666666666666666,1.0
0.0,10.0,14.0,600.0,0.1,0.6666666666666666
0.0,8.0,10.0,480.0,0.08,0.4444444444444444
0.0,2.0,9.0,120.0,0.02,0.3888888888888889
0.0,1.0,14.0,60.0,0.01,0.6666666666666666
0.0,10.0,13.0,600.0,0.1,0.6111111111111112
0.0,0.0,12.0,0.0,0.0,0.5555555555555556
0.0,3.0,14.0,180.0,0.03,0.6666666666666666
0.0,2.0,12.0,120.0,0.02,0.5555555555555556
0.0,10.0,17.0,600.0,0.1,0.8333333333333334
0.0,20.0,19.0,1200.0,0.2,0.9444444444444444
0.0,22.0,16.0,1320.0,0.22,0.7777777777777778
0.0,20.0,19.0,1200.0,0.2,0.9444444444444444
0.0,3.0,11.0,180.0,0.03,0.5
0.0,0.0,12.0,0.0,0.0,0.5555555555555556
0.0,1.0,19.0,60.0,0.01,0.9444444444444444
0.0,20.0,16.0,1200.0,0.2,0.7777777777777778
0.0,3.0,17.0,180.0,0.03,0.8333333333333334
0.0,3.0,13.0,180.0,0.03,0.6111111111111112
0.0,1.0,13.0,60.0,0.01,0.6111111111111112
0.0,0.0,13.0,0.0,0.0,0.6111111111111112
0.0,50.0,14.0,3000.0,0.5,0.6666666666666666
0.0,10.0,19.0,600.0,0.1,0.9444444444444444
20.0,0.0,12.0,20.0,0.0033333333333333335,0.5555555555555556
0.0,2.0,10.0,120.0,0.02,0.4444444444444444
0.0,3.0,16.0,180.0,0.03,0.7777777777777778
15.0,0.0,13.0,15.0,0.0025,0.6111111111111112
0.0,50.0,20.0,3000.0,0.5,1.0
0.0,3.0,16.0,180.0,0.03,0.7777777777777778
0.0,5.0,16.0,300.0,0.05,0.7777777777777778
0.0,12.0,15.0,720.0,0.12,0.7222222222222222
0.0,15.0,12.0,900.0,0.15,0.5555555555555556
0.0,2.0,12.0,120.0,0.02,0.5555555555555556
0.0,0.0,12.0,0.0,0.0,0.5555555555555556
0.0,2.0,16.0,120.0,0.02,0.7777777777777778
0.0,12.0,18.0,720.0,0.12,0.8888888888888888
0.0,15.0,14.0,900.0,0.15,0.6666666666666666
0.0,0.0,14.0,0.0,0.0,0.6666666666666666
0.0,0.0,12.0,0.0,0.0,0.5555555555555556
0.0,0.0,12.0,0.0,0.0,0.5555555555555556
0.0,15.0,16.0,900.0,0.15,0.7777777777777778
0.0,15.0,16.0,900.0,0.15,0.7777777777777778
0.0,10.0,16.0,600.0,0.1,0.7777777777777778
0.0,3.0,15.0,180.0,0.03,0.7222222222222222
0.0,1.0,13.0,60.0,0.01,0.6111111111111112
0.0,8.0,16.0,480.0,0.08,0.7777777777777778
5.0,0.0,18.0,5.0,0.0008333333333333334,0.8888888888888888
0.0,1.0,16.0,60.0,0.01,0.7777777777777778
10.0,0.0,14.0,10.0,0.0016666666666666668,0.6666666666666666
30.0,0.0,12.0,30.0,0.005,0.5555555555555556
0.0,3.0,16.0,180.0,0.03,0.7777777777777778
0.0,2.0,19.0,120.0,0.02,0.9444444444444444
0.0,2.0,20.0,120.0,0.02,1.0
0.0,40.0,15.0,2400.0,0.4,0.7222222222222222
0.0,3.0,12.0,180.0,0.03,0.5555555555555556
59.0,0.0,12.0,59.0,0.009833333333333333,0.5555555555555556
1.0,0.0,18.0,1.0,0.00016666666666666666,0.8888888888888888
0.0,12.0,12.0,720.0,0.12,0.5555555555555556
0.0,10.0,12.0,600.0,0.1,0.5555555555555556
0.0,12.0,16.0,720.0,0.12,0.7777777777777778
0.0,25.0,13.0,1500.0,0.25,0.6111111111111112
0.0,24.0,12.0,1440.0,0.24,0.5555555555555556
30.0,0.0,16.0,30.0,0.005,0.7777777777777778
0.0,32.0,18.0,1920.0,0.32,0.8888888888888888
0.0,10.0,12.0,600.0,0.1,0.5555555555555556
0.0,2.0,15.0,120.0,0.02,0.7222222222222222
0.0,5.0,13.0,300.0,0.05,0.6111111111111112
0.0,1.0,18.0,60.0,0.01,0.8888888888888888
0.0,10.0,16.0,600.0,0.1,0.7777777777777778
0.0,21.0,16.0,1260.0,0.21,0.7777777777777778
0.0,6.0,18.0,360.0,0.06,0.8888888888888888
0.0,3.0,20.0,180.0,0.03,1.0
0.0,10.0,16.0,600.0,0.1,0.7777777777777778
0.0,6.0,12.0,360.0,0.06,0.5555555555555556
0.0,30.0,18.0,1800.0,0.3,0.8888888888888888
0.0,10.0,16.0,600.0,0.1,0.7777777777777778
0.0,20.0,16.0,1200.0,0.2,0.7777777777777778
0.0,8.0,18.0,480.0,0.08,0.8888888888888888
0.0,10.0,14.0,600.0,0.1,0.6666666666666666
30.0,0.0,18.0,30.0,0.005,0.8888888888888888
0.0,10.0,18.0,600.0,0.1,0.8888888888888888
0.0,30.0,16.0,1800.0,0.3,0.7777777777777778
0.0,22.0,16.0,1320.0,0.22,0.7777777777777778
0.0,3.0,13.0,180.0,0.03,0.6111111111111112
0.0,12.0,16.0,720.0,0.12,0.7777777777777778
0.0,7.0,12.0,420.0,0.07,0.5555555555555556
0.0,7.0,20.0,420.0,0.07,1.0
0.0,30.0,16.0,1800.0,0.3,0.7777777777777778
0.0,2.0,18.0,120.0,0.02,0.8888888888888888
30.0,2.0,19.0,150.0,0.025,0.9444444444444444
0.0,40.0,15.0,2400.0,0.4,0.7222222222222222
0.0,30.0,18.0,1800.0,0.3,0.8888888888888888
0.0,15.0,13.0,900.0,0.15,0.6111111111111112
0.0,0.0,12.0,0.0,0.0,0.5555555555555556
0.0,7.0,13.0,420.0,0.07,0.6111111111111112
30.0,12.0,12.0,750.0,0.125,0.5555555555555556
0.0,5.0,18.0,300.0,0.05,0.8888888888888888
0.0,10.0,18.0,600.0,0.1,0.8888888888888888
0.0,20.0,18.0,1200.0,0.2,0.8888888888888888
0.0,2.0,10.0,120.0,0.02,0.4444444444444444
0.0,50.0,12.0,3000.0,0.5,0.5555555555555556
0.0,10.0,16.0,600.0,0.1,0.7777777777777778
0.0,0.0,13.0,0.0,0.0,0.6111111111111112
0.0,28.0,14.0,1680.0,0.28,0.6666666666666666
0.0,0.0,11.0,0.0,0.0,0.5
20.0,0.0,16.0,20.0,0.0033333333333333335,0.7777777777777778
0.0,20.0,16.0,1200.0,0.2,0.7777777777777778
5.0,0.0,12.0,5.0,0.0008333333333333334,0.5555555555555556
0.0,3.0,14.0,180.0,0.03,0.6666666666666666
0.0,0.0,12.0,0.0,0.0,0.5555555555555556
20.0,0.0,12.0,20.0,0.0033333333333333335,0.5555555555555556
0.0,25.0,16.0,1500.0,0.25,0.7777777777777778
0.0,7.0,12.0,420.0,0.07,0.5555555555555556
10.0,1.0,14.0,70.0,0.011666666666666667,0.6666666666666666
0.0,7.0,15.0,420.0,0.07,0.7222222222222222
0.0,2.0,12.0,120.0,0.02,0.5555555555555556
0.0,10.0,17.0,600.0,0.1,0.8333333333333334
0.0,56.0,17.0,3360.0,0.56,0.8333333333333334
0.0,35.0,18.0,2100.0,0.35,0.8888888888888888
0.0,10.0,12.0,600.0,0.1,0.5555555555555556
0.0,20.0,18.0,1200.0,0.2,0.8888888888888888
0.0,2.0,16.0,120.0,0.02,0.7777777777777778
0.0,2.0,16.0,120.0,0.02,0.7777777777777778
0.0,10.0,18.0,600.0,0.1,0.8888888888888888
0.0,1.0,16.0,60.0,0.01,0.7777777777777778
0.0,10.0,16.0,600.0,0.1,0.7777777777777778
0.0,4.0,16.0,240.0,0.04,0.7777777777777778
0.0,1.0,18.0,60.0,0.01,0.8888888888888888
0.0,1.0,13.0,60.0,0.01,0.6111111111111112
0.0,0.0,12.0,0.0,0.0,0.5555555555555556
0.0,0.0,9.0,0.0,0.0,0.3888888888888889
0.0,1.0,16.0,60.0,0.01,0.7777777777777778
0.0,3.0,12.0,180.0,0.03,0.5555555555555556
0.0,2.0,14.0,120.0,0.02,0.6666666666666666
0.0,12.0,12.0,720.0,0.12,0.5555555555555556
0.0,20.0,14.0,1200.0,0.2,0.6666666666666666
0.0,4.0,20.0,240.0,0.04,1.0
0.0,0.0,2.0,0.0,0.0,0.0
0.0,4.0,12.0,240.0,0.04,0.5555555555555556
0.0,0.0,12.0,0.0,0.0,0.5555555555555556
0.0,45.0,13.0,2700.0,0.45,0.6111111111111112
0.0,40.0,12.0,2400.0,0.4,0.5555555555555556
0.0,7.0,12.0,420.0,0.07,0.5555555555555556
0.0,2.0,13.0,120.0,0.02,0.6111111111111112
30.0,0.0,12.0,30.0,0.005,0.5555555555555556
0.0,14.0,12.0,840.0,0.14,0.5555555555555556
0.0,3.0,15.0,180.0,0.03,0.7222222222222222
0.0,12.0,16.0,720.0,0.12,0.7777777777777778
2.0,0.0,12.0,2.0,0.0003333333333333333,0.5555555555555556
10.0,1.0,18.0,70.0,0.011666666666666667,0.8888888888888888
5.0,0.0,12.0,5.0,0.0008333333333333334,0.5555555555555556
0.0,2.0,12.0,120.0,0.02,0.5555555555555556
0.0,60.0,19.0,3600.0,0.6,0.9444444444444444
20.0,0.0,17.0,20.0,0.0033333333333333335,0.8333333333333334
30.0,0.0,10.0,30.0,0.005,0.4444444444444444
0.0,20.0,13.0,1200.0,0.2,0.6111111111111112
0.0,1.0,20.0,60.0,0.01,1.0
0.0,7.0,18.0,420.0,0.07,0.8888888888888888
0.0,20.0,16.0,1200.0,0.2,0.7777777777777778
30.0,2.0,17.0,150.0,0.025,0.8333333333333334
0.0,7.0,16.0,420.0,0.07,0.7777777777777778
0.0,1.0,14.0,60.0,0.01,0.6666666666666666
0.0,10.0,16.0,600.0,0.1,0.7777777777777778
0.0,30.0,16.0,1800.0,0.3,0.7777777777777778
0.0,5.0,16.0,300.0,0.05,0.7777777777777778
0.0,0.0,16.0,0.0,0.0,0.7777777777777778
40.0,0.0,17.0,40.0,0.006666666666666667,0.8333333333333334
10.0,0.0,11.0,10.0,0.0016666666666666668,0.5
0.0,20.0,14.0,1200.0,0.2,0.6666666666666666
0.0,4.0,13.0,240.0,0.04,0.6111111111111112
0.0,10.0,20.0,600.0,0.1,1.0
0.0,1.0,16.0,60.0,0.01,0.7777777777777778
0.0,2.0,12.0,120.0,0.02,0.5555555555555556
0.0,8.0,12.0,480.0,0.08,0.5555555555555556
0.0,1.0,14.0,60.0,0.01,0.6666666666666666
0.0,2.0,10.0,120.0,0.02,0.4444444444444444
0.0,6.0,12.0,360.0,0.06,0.5555555555555556
0.0,10.0,15.0,600.0,0.1,0.7222222222222222
0.0,0.0,12.0,0.0,0.0,0.5555555555555556
0.0,2.0,14.0,120.0,0.02,0.6666666666666666
0.0,1.0,13.0,60.0,0.01,0.6111111111111112
2.0,0.0,16.0,2.0,0.0003333333333333333,0.7777777777777778
0.0,4.0,16.0,240.0,0.04,0.7777777777777778
0.0,3.0,16.0,180.0,0.03,0.7777777777777778
0.0,10.0,12.0,600.0,0.1,0.5555555555555556
0.0,2.0,16.0,120.0,0.02,0.7777777777777778
0.0,0.0,12.0,0.0,0.0,0.5555555555555556
0.0,1.0,16.0,60.0,0.01,0.7777777777777778
0.0,1.0,12.0,60.0,0.01,0.5555555555555556
0.0,1.0,12.0,60.0,0.01,0.5555555555555556
0.0,3.0,12.0,180.0,0.03,0.5555555555555556
0.0,5.0,17.0,300.0,0.05,0.8333333333333334
0.0,60.0,20.0,3600.0,0.6,1.0
0.0,10.0,13.0,600.0,0.1,0.6111111111111112
0.0,10.0,14.0,600.0,0.1,0.6666666666666666
0.0,8.0,13.0,480.0,0.08,0.6111111111111112
0.0,15.0,20.0,900.0,0.15,1.0
0.0,0.0,12.0,0.0,0.0,0.5555555555555556
0.0,0.0,12.0,0.0,0.0,0.5555555555555556
0.0,10.0,13.0,600.0,0.1,0.6111111111111112
0.0,10.0,13.0,600.0,0.1,0.6111111111111112
0.0,2.0,20.0,120.0,0.02,1.0
0.0,32.0,16.0,1920.0,0.32,0.7777777777777778
20.0,0.0,12.0,20.0,0.0033333333333333335,0.5555555555555556
0.0,1.0,11.0,60.0,0.01,0.5
0.0,5.0,14.0,300.0,0.05,0.6666666666666666
0.0,5.0,12.0,300.0,0.05,0.5555555555555556
0.0,10.0,20.0,600.0,0.1,1.0
0.0,3.0,16.0,180.0,0.03,0.7777777777777778
30.0,0.0,12.0,30.0,0.005,0.5555555555555556
0.0,1.0,10.0,60.0,0.01,0.4444444444444444
0.0,0.0,16.0,0.0,0.0,0.7777777777777778
0.0,1.0,16.0,60.0,0.01,0.7777777777777778
0.0,10.0,16.0,600.0,0.1,0.7777777777777778
0.0,1.0,20.0,60.0,0.01,1.0
1.0,0.0,11.0,1.0,0.00016666666666666666,0.5
0.0,12.0,16.0,720.0,0.12,0.7777777777777778
0.0,3.0,14.0,180.0,0.03,0.6666666666666666
0.0,3.0,14.0,180.0,0.03,0.6666666666666666
0.0,5.0,16.0,300.0,0.05,0.7777777777777778
0.0,3.0,17.0,180.0,0.03,0.8333333333333334
0.0,1.0,12.0,60.0,0.01,0.5555555555555556
30.0,0.0,16.0,30.0,0.005,0.7777777777777778
0.0,30.0,16.0,1800.0,0.3,0.7777777777777778
0.0,10.0,16.0,600.0,0.1,0.7777777777777778
0.0,4.0,19.0,240.0,0.04,0.9444444444444444
0.0,9.0,16.0,540.0,0.09,0.7777777777777778
0.0,0.0,16.0,0.0,0.0,0.7777777777777778
0.0,10.0,19.0,600.0,0.1,0.9444444444444444
10.0,0.0,13.0,10.0,0.0016666666666666668,0.6111111111111112
0.0,8.0,20.0,480.0,0.08,1.0
0.0,1.0,15.0,60.0,0.01,0.7222222222222222
0.0,1.0,16.0,60.0,0.01,0.7777777777777778
0.0,20.0,19.0,1200.0,0.2,0.9444444444444444
0.0,7.0,12.0,420.0,0.07,0.5555555555555556
0.0,0.0,12.0,0.0,0.0,0.5555555555555556
0.0,1.0,12.0,60.0,0.01,0.5555555555555556
5.0,0.0,16.0,5.0,0.0008333333333333334,0.7777777777777778
20.0,0.0,12.0,20.0,0.0033333333333333335,0.5555555555555556
2.0,0.0,12.0,2.0,0.0003333333333333333,0.5555555555555556
0.0,30.0,11.0,1800.0,0.3,0.5
0.0,15.0,16.0,900.0,0.15,0.7777777777777778
0.0,22.0,18.0,1320.0,0.22,0.8888888888888888
0.0,1.0,16.0,60.0,0.01,0.7777777777777778
0.0,0.0,10.0,0.0,0.0,0.4444444444444444
0.0,5.0,12.0,300.0,0.05,0.5555555555555556
0.0,8.0,12.0,480.0,0.08,0.5555555555555556
0.0,0.0,11.0,0.0,0.0,0.5
0.0,0.0,9.0,0.0,0.0,0.3888888888888889
0.0,1.0,7.0,60.0,0.01,0.2777777777777778
0.0,1.0,12.0,60.0,0.01,0.5555555555555556
0.0,7.0,11.0,420.0,0.07,0.5
0.0,5.0,15.0,300.0,0.05,0.7222222222222222
0.0,4.0,16.0,240.0,0.04,0.7777777777777778
30.0,0.0,12.0,30.0,0.005,0.5555555555555556
0.0,21.0,16.0,1260.0,0.21,0.7777777777777778
0.0,10.0,19.0,600.0,0.1,0.9444444444444444
0.0,5.0,12.0,300.0,0.05,0.5555555555555556
0.0,0.0,6.0,0.0,0.0,0.2222222222222222
0.0,2.0,16.0,120.0,0.02,0.7777777777777778
0.0,1.0,12.0,60.0,0.01,0.5555555555555556
0.0,2.0,6.0,120.0,0.02,0.2222222222222222
0.0,0.0,12.0,0.0,0.0,0.5555555555555556
0.0,20.0,14.0,1200.0,0.2,0.6666666666666666
0.0,8.0,17.0,480.0,0.08,0.8333333333333334
0.0,8.0,14.0,480.0,0.08,0.6666666666666666
0.0,1.0,16.0,60.0,0.01,0.7777777777777778
0.0,2.0,14.0,120.0,0.02,0.6666666666666666
15.0,20.0,13.0,1215.0,0.2025,0.6111111111111112
0.0,5.0,15.0,300.0,0.05,0.7222222222222222
0.0,1.0,14.0,60.0,0.01,0.6666666666666666
0.0,10.0,16.0,600.0,0.1,0.7777777777777778
0.0,0.0,13.0,0.0,0.0,0.6111111111111112
0.0,2.0,12.0,120.0,0.02,0.5555555555555556
0.0,6.0,13.0,360.0,0.06,0.6111111111111112
30.0,1.0,13.0,90.0,0.015,0.6111111111111112
0.0,6.0,6.0,360.0,0.06,0.2222222222222222
0.0,2.0,16.0,120.0,0.02,0.7777777777777778
0.0,1.0,18.0,60.0,0.01,0.8888888888888888
0.0,45.0,16.0,2700.0,0.45,0.7777777777777778
0.0,5.0,14.0,300.0,0.05,0.6666666666666666
0.0,1.0,14.0,60.0,0.01,0.6666666666666666
0.0,22.0,14.0,1320.0,0.22,0.6666666666666666
0.0,1.0,14.0,60.0,0.01,0.6666666666666666
0.0,2.0,11.0,120.0,0.02,0.5
0.0,2.0,13.0,120.0,0.02,0.6111111111111112
0.0,0.0,12.0,0.0,0.0,0.5555555555555556
0.0,1.0,13.0,60.0,0.01,0.6111111111111112
0.0,4.0,12.0,240.0,0.04,0.5555555555555556
0.0,20.0,15.0,1200.0,0.2,0.7222222222222222
0.0,20.0,13.0,1200.0,0.2,0.6111111111111112
0.0,2.0,14.0,120.0,0.02,0.6666666666666666
0.0,0.0,13.0,0.0,0.0,0.6111111111111112
0.0,1.0,16.0,60.0,0.01,0.7777777777777778
0.0,3.0,11.0,180.0,0.03,0.5
0.0,0.0,13.0,0.0,0.0,0.6111111111111112
0.0,20.0,17.0,1200.0,0.2,0.8333333333333334
30.0,1.0,12.0,90.0,0.015,0.5555555555555556
0.0,70.0,14.0,4200.0,0.7,0.6666666666666666
0.0,20.0,13.0,1200.0,0.2,0.6111111111111112
0.0,3.0,12.0,180.0,0.03,0.5555555555555556
2.0,0.0,11.0,2.0,0.0003333333333333333,0.5
0.0,0.0,8.0,0.0,0.0,0.3333333333333333
0.0,1.0,14.0,60.0,0.01,0.6666666666666666
25.0,0.0,12.0,25.0,0.004166666666666667,0.5555555555555556
0.0,1.0,16.0,60.0,0.01,0.7777777777777778
0.0,1.0,16.0,60.0,0.01,0.7777777777777778
0.0,4.0,12.0,240.0,0.04,0.5555555555555556
0.0,3.0,14.0,180.0,0.03,0.6666666666666666
30.0,0.0,12.0,30.0,0.005,0.5555555555555556
0.0,1.0,16.0,60.0,0.01,0.7777777777777778
0.0,0.0,12.0,0.0,0.0,0.5555555555555556
0.0,50.0,16.0,3000.0,0.5,0.7777777777777778
10.0,1.0,12.0,70.0,0.011666666666666667,0.5555555555555556
0.0,1.0,19.0,60.0,0.01,0.9444444444444444
0.0,5.0,12.0,300.0,0.05,0.5555555555555556
0.0,20.0,17.0,1200.0,0.2,0.8333333333333334
0.0,20.0,16.0,1200.0,0.2,0.7777777777777778
0.0,2.0,12.0,120.0,0.02,0.5555555555555556
0.0,0.0,16.0,0.0,0.0,0.7777777777777778
0.0,6.0,12.0,360.0,0.06,0.5555555555555556
0.0,10.0,14.0,600.0,0.1,0.6666666666666666
0.0,14.0,16.0,840.0,0.14,0.7777777777777778
0.0,8.0,16.0,480.0,0.08,0.7777777777777778
0.0,1.0,16.0,60.0,0.01,0.7777777777777778
20.0,0.0,11.0,20.0,0.0033333333333333335,0.5
30.0,1.0,12.0,90.0,0.015,0.5555555555555556
0.0,0.0,12.0,0.0,0.0,0.5555555555555556
0.0,30.0,18.0,1800.0,0.3,0.8888888888888888
0.0,2.0,18.0,120.0,0.02,0.8888888888888888
0.0,5.0,12.0,300.0,0.05,0.5555555555555556
0.0,1.0,12.0,60.0,0.01,0.5555555555555556
20.0,0.0,12.0,20.0,0.0033333333333333335,0.5555555555555556
0.0,6.0,14.0,360.0,0.06,0.6666666666666666
0.0,40.0,15.0,2400.0,0.4,0.7222222222222222
0.0,50.0,16.0,3000.0,0.5,0.7777777777777778
0.0,3.0,16.0,180.0,0.03,0.7777777777777778
0.0,10.0,16.0,600.0,0.1,0.7777777777777778
0.0,0.0,12.0,0.0,0.0,0.5555555555555556
40.0,0.0,12.0,40.0,0.006666666666666667,0.5555555555555556
30.0,0.0,12.0,30.0,0.005,0.5555555555555556
0.0,15.0,18.0,900.0,0.15,0.8888888888888888
0.0,10.0,13.0,600.0,0.1,0.6111111111111112
0.0,1.0,16.0,60.0,0.01,0.7777777777777778
15.0,0.0,14.0,15.0,0.0025,0.6666666666666666
0.0,0.0,15.0,0.0,0.0,0.7222222222222222
0.0,5.0,18.0,300.0,0.05,0.8888888888888888
0.0,0.0,12.0,0.0,0.0,0.5555555555555556
0.0,20.0,13.0,1200.0,0.2,0.6111111111111112
30.0,0.0,19.0,30.0,0.005,0.9444444444444444
0.0,2.0,17.0,120.0,0.02,0.8333333333333334
0.0,0.0,13.0,0.0,0.0,0.6111111111111112
0.0,20.0,17.0,1200.0,0.2,0.8333333333333334
45.0,0.0,16.0,45.0,0.0075,0.7777777777777778
0.0,15.0,16.0,900.0,0.15,0.7777777777777778
0.0,25.0,16.0,1500.0,0.25,0.7777777777777778
0.0,8.0,14.0,480.0,0.08,0.6666666666666666
0.0,25.0,15.0,1500.0,0.25,0.7222222222222222
0.0,5.0,14.0,300.0,0.05,0.6666666666666666
0.0,2.0,12.0,120.0,0.02,0.5555555555555556
0.0,1.0,15.0,60.0,0.01,0.7222222222222222
30.0,0.0,16.0,30.0,0.005,0.7777777777777778
0.0,4.0,14.0,240.0,0.04,0.6666666666666666
10.0,0.0,14.0,10.0,0.0016666666666666668,0.6666666666666666
0.0,10.0,18.0,600.0,0.1,0.8888888888888888
0.0,10.0,16.0,600.0,0.1,0.7777777777777778
0.0,12.0,13.0,720.0,0.12,0.6111111111111112
0.0,0.0,13.0,0.0,0.0,0.6111111111111112
0.0,2.0,10.0,120.0,0.02,0.4444444444444444
0.0,1.0,11.0,60.0,0.01,0.5
0.0,10.0,12.0,600.0,0.1,0.5555555555555556
0.0,1.0,16.0,60.0,0.01,0.7777777777777778
0.0,2.0,13.0,120.0,0.02,0.6111111111111112
0.0,0.0,17.0,0.0,0.0,0.8333333333333334
0.0,3.0,20.0,180.0,0.03,1.0
0.0,1.0,12.0,60.0,0.01,0.5555555555555556
0.0,5.0,18.0,300.0,0.05,0.8888888888888888
0.0,1.0,12.0,60.0,0.01,0.5555555555555556
0.0,20.0,17.0,1200.0,0.2,0.8333333333333334
10.0,1.0,16.0,70.0,0.011666666666666667,0.7777777777777778
0.0,5.0,12.0,300.0,0.05,0.5555555555555556
0.0,20.0,12.0,1200.0,0.2,0.5555555555555556
0.0,0.0,13.0,0.0,0.0,0.6111111111111112
0.0,30.0,20.0,1800.0,0.3,1.0
0.0,1.0,11.0,60.0,0.01,0.5
0.0,0.0,12.0,0.0,0.0,0.5555555555555556
0.0,0.0,13.0,0.0,0.0,0.6111111111111112
0.0,30.0,17.0,1800.0,0.3,0.8333333333333334
0.0,10.0,18.0,600.0,0.1,0.8888888888888888
0.0,7.0,17.0,420.0,0.07,0.8333333333333334
0.0,40.0,17.0,2400.0,0.4,0.8333333333333334
0.0,1.0,14.0,60.0,0.01,0.6666666666666666
0.0,1.0,16.0,60.0,0.01,0.7777777777777778
0.0,40.0,14.0,2400.0,0.4,0.6666666666666666
0.0,35.0,12.0,2100.0,0.35,0.5555555555555556
0.0,2.0,14.0,120.0,0.02,0.6666666666666666
0.0,2.0,12.0,120.0,0.02,0.5555555555555556
0.0,0.0,12.0,0.0,0.0,0.5555555555555556
0.0,1.0,12.0,60.0,0.01,0.5555555555555556
0.0,0.0,12.0,0.0,0.0,0.5555555555555556
30.0,0.0,16.0,30.0,0.005,0.7777777777777778
30.0,0.0,15.0,30.0,0.005,0.7222222222222222
30.0,0.0,14.0,30.0,0.005,0.6666666666666666
0.0,1.0,19.0,60.0,0.01,0.9444444444444444
0.0,1.0,13.0,60.0,0.01,0.6111111111111112
0.0,3.0,12.0,180.0,0.03,0.5555555555555556
0.0,12.0,12.0,720.0,0.12,0.5555555555555556
30.0,0.0,14.0,30.0,0.005,0.6666666666666666
0.0,5.0,16.0,300.0,0.05,0.7777777777777778
0.0,30.0,13.0,1800.0,0.3,0.6111111111111112
30.0,0.0,12.0,30.0,0.005,0.5555555555555556
0.0,3.0,11.0,180.0,0.03,0.5
0.0,3.0,12.0,180.0,0.03,0.5555555555555556
0.0,30.0,12.0,1800.0,0.3,0.5555555555555556
0.0,15.0,17.0,900.0,0.15,0.8333333333333334
0.0,10.0,17.0,600.0,0.1,0.8333333333333334
0.0,4.0,12.0,240.0,0.04,0.5555555555555556
0.0,4.0,12.0,240.0,0.04,0.5555555555555556
0.0,0.0,16.0,0.0,0.0,0.7777777777777778
0.0,1.0,12.0,60.0,0.01,0.5555555555555556
30.0,0.0,20.0,30.0,0.005,1.0
0.0,1.0,16.0,60.0,0.01,0.7777777777777778
0.0,6.0,18.0,360.0,0.06,0.8888888888888888
0.0,15.0,19.0,900.0,0.15,0.9444444444444444
0.0,1.0,11.0,60.0,0.01,0.5
0.0,5.0,20.0,300.0,0.05,1.0
0.0,1.0,16.0,60.0,0.01,0.7777777777777778
0.0,2.0,15.0,120.0,0.02,0.7222222222222222
0.0,15.0,16.0,900.0,0.15,0.7777777777777778
0.0,4.0,15.0,240.0,0.04,0.7222222222222222
0.0,47.0,12.0,2820.0,0.47,0.5555555555555556
0.0,40.0,10.0,2400.0,0.4,0.4444444444444444
0.0,8.0,17.0,480.0,0.08,0.8333333333333334
30.0,0.0,14.0,30.0,0.005,0.6666666666666666
30.0,1.0,14.0,90.0,0.015,0.6666666666666666
0.0,12.0,19.0,720.0,0.12,0.9444444444444444
0.0,8.0,18.0,480.0,0.08,0.8888888888888888
0.0,20.0,17.0,1200.0,0.2,0.8333333333333334
0.0,1.0,16.0,60.0,0.01,0.7777777777777778
0.0,2.0,16.0,120.0,0.02,0.7777777777777778
0.0,10.0,20.0,600.0,0.1,1.0
0.0,15.0,13.0,900.0,0.15,0.6111111111111112
0.0,20.0,18.0,1200.0,0.2,0.8888888888888888
0.0,15.0,16.0,900.0,0.15,0.7777777777777778
0.0,10.0,17.0,600.0,0.1,0.8333333333333334
0.0,5.0,16.0,300.0,0.05,0.7777777777777778
0.0,1.0,16.0,60.0,0.01,0.7777777777777778
0.0,1.0,20.0,60.0,0.01,1.0
0.0,2.0,13.0,120.0,0.02,0.6111111111111112
0.0,2.0,12.0,120.0,0.02,0.5555555555555556
0.0,2.0,16.0,120.0,0.02,0.7777777777777778
0.0,15.0,16.0,900.0,0.15,0.7777777777777778
30.0,1.0,16.0,90.0,0.015,0.7777777777777778
30.0,8.0,19.0,510.0,0.085,0.9444444444444444
0.0,1.0,16.0,60.0,0.01,0.7777777777777778
0.0,17.0,17.0,1020.0,0.17,0.8333333333333334
0.0,2.0,15.0,120.0,0.02,0.7222222222222222
0.0,2.0,16.0,120.0,0.02,0.7777777777777778
0.0,30.0,16.0,1800.0,0.3,0.7777777777777778
0.0,0.0,14.0,0.0,0.0,0.6666666666666666
0.0,7.0,12.0,420.0,0.07,0.5555555555555556
0.0,10.0,18.0,600.0,0.1,0.8888888888888888
0.0,1.0,12.0,60.0,0.01,0.5555555555555556
0.0,0.0,9.0,0.0,0.0,0.3888888888888889
0.0,2.0,14.0,120.0,0.02,0.6666666666666666
0.0,8.0,12.0,480.0,0.08,0.5555555555555556
0.0,0.0,9.0,0.0,0.0,0.3888888888888889
0.0,2.0,16.0,120.0,0.02,0.7777777777777778
0.0,0.0,11.0,0.0,0.0,0.5
0.0,1.0,14.0,60.0,0.01,0.6666666666666666
0.0,2.0,13.0,120.0,0.02,0.6111111111111112
30.0,0.0,16.0,30.0,0.005,0.7777777777777778
0.0,40.0,16.0,2400.0,0.4,0.7777777777777778
0.0,0.0,9.0,0.0,0.0,0.3888888888888889
0.0,1.0,12.0,60.0,0.01,0.5555555555555556
20.0,0.0,13.0,20.0,0.0033333333333333335,0.6111111111111112
30.0,0.0,20.0,30.0,0.005,1.0
0.0,2.0,12.0,120.0,0.02,0.5555555555555556
0.0,0.0,11.0,0.0,0.0,0.5
0.0,1.0,12.0,60.0,0.01,0.5555555555555556
0.0,15.0,12.0,900.0,0.15,0.5555555555555556
0.0,1.0,15.0,60.0,0.01,0.7222222222222222
30.0,9.0,19.0,570.0,0.095,0.9444444444444444
0.0,3.0,20.0,180.0,0.03,1.0
10.0,0.0,12.0,10.0,0.0016666666666666668,0.5555555555555556
30.0,0.0,12.0,30.0,0.005,0.5555555555555556
0.0,5.0,12.0,300.0,0.05,0.5555555555555556
0.0,2.0,12.0,120.0,0.02,0.5555555555555556
0.0,1.0,13.0,60.0,0.01,0.6111111111111112
30.0,1.0,15.0,90.0,0.015,0.7222222222222222
0.0,0.0,12.0,0.0,0.0,0.5555555555555556
30.0,2.0,16.0,150.0,0.025,0.7777777777777778
0.0,7.0,16.0,420.0,0.07,0.7777777777777778
0.0,2.0,15.0,120.0,0.02,0.7222222222222222
0.0,4.0,13.0,240.0,0.04,0.6111111111111112
0.0,0.0,15.0,0.0,0.0,0.7222222222222222
0.0,20.0,14.0,1200.0,0.2,0.6666666666666666
0.0,2.0,17.0,120.0,0.02,0.8333333333333334
0.0,1.0,12.0,60.0,0.01,0.5555555555555556
0.0,1.0,12.0,60.0,0.01,0.5555555555555556
10.0,0.0,9.0,10.0,0.0016666666666666668,0.3888888888888889
0.0,40.0,16.0,2400.0,0.4,0.7777777777777778
0.0,3.0,13.0,180.0,0.03,0.6111111111111112
15.0,0.0,14.0,15.0,0.0025,0.6666666666666666
0.0,1.0,12.0,60.0,0.01,0.5555555555555556
0.0,1.0,12.0,60.0,0.01,0.5555555555555556
45.0,1.0,16.0,105.0,0.0175,0.7777777777777778
15.0,0.0,12.0,15.0,0.0025,0.5555555555555556
20.0,0.0,14.0,20.0,0.0033333333333333335,0.6666666666666666
0.0,1.0,12.0,60.0,0.01,0.5555555555555556
0.0,2.0,10.0,120.0,0.02,0.4444444444444444
0.0,1.0,12.0,60.0,0.01,0.5555555555555556
20.0,0.0,12.0,20.0,0.0033333333333333335,0.5555555555555556
0.0,4.0,12.0,240.0,0.04,0.5555555555555556
0.0,25.0,12.0,1500.0,0.25,0.5555555555555556
0.0,5.0,16.0,300.0,0.05,0.7777777777777778
0.0,1.0,13.0,60.0,0.01,0.6111111111111112
0.0,40.0,11.0,2400.0,0.4,0.5
0.0,40.0,12.0,2400.0,0.4,0.5555555555555556
0.0,2.0,14.0,120.0,0.02,0.6666666666666666
0.0,7.0,12.0,420.0,0.07,0.5555555555555556
0.0,14.0,16.0,840.0,0.14,0.7777777777777778
0.0,5.0,12.0,300.0,0.05,0.5555555555555556
0.0,10.0,20.0,600.0,0.1,1.0
0.0,1.0,15.0,60.0,0.01,0.7222222222222222
0.0,2.0,16.0,120.0,0.02,0.7777777777777778
0.0,15.0,16.0,900.0,0.15,0.7777777777777778
0.0,1.0,11.0,60.0,0.01,0.5
5.0,0.0,13.0,5.0,0.0008333333333333334,0.6111111111111112
0.0,0.0,16.0,0.0,0.0,0.7777777777777778
0.0,12.0,17.0,720.0,0.12,0.8333333333333334
0.0,6.0,11.0,360.0,0.06,0.5
0.0,1.0,12.0,60.0,0.01,0.5555555555555556
0.0,15.0,13.0,900.0,0.15,0.6111111111111112
0.0,0.0,15.0,0.0,0.0,0.7222222222222222
10.0,0.0,15.0,10.0,0.0016666666666666668,0.7222222222222222
0.0,1.0,12.0,60.0,0.01,0.5555555555555556
0.0,8.0,15.0,480.0,0.08,0.7222222222222222
0.0,14.0,12.0,840.0,0.14,0.5555555555555556
0.0,10.0,16.0,600.0,0.1,0.7777777777777778
30.0,1.0,11.0,90.0,0.015,0.5
15.0,0.0,14.0,15.0,0.0025,0.6666666666666666
0.0,2.0,16.0,120.0,0.02,0.7777777777777778
1.0,0.0,7.0,1.0,0.00016666666666666666,0.2777777777777778
5.0,0.0,12.0,5.0,0.0008333333333333334,0.5555555555555556
30.0,0.0,12.0,30.0,0.005,0.5555555555555556
0.0,0.0,16.0,0.0,0.0,0.7777777777777778
0.0,20.0,14.0,1200.0,0.2,0.6666666666666666
0.0,0.0,12.0,0.0,0.0,0.5555555555555556
0.0,10.0,13.0,600.0,0.1,0.6111111111111112
10.0,0.0,11.0,10.0,0.0016666666666666668,0.5
0.0,0.0,14.0,0.0,0.0,0.6666666666666666
0.0,25.0,19.0,1500.0,0.25,0.9444444444444444
0.0,6.0,12.0,360.0,0.06,0.5555555555555556
0.0,2.0,16.0,120.0,0.02,0.7777777777777778
0.0,0.0,16.0,0.0,0.0,0.7777777777777778
0.0,20.0,14.0,1200.0,0.2,0.6666666666666666
0.0,2.0,20.0,120.0,0.02,1.0
1.0,0.0,18.0,1.0,0.00016666666666666666,0.8888888888888888
0.0,1.0,12.0,60.0,0.01,0.5555555555555556
0.0,1.0,14.0,60.0,0.01,0.6666666666666666
0.0,0.0,12.0,0.0,0.0,0.5555555555555556
30.0,1.0,12.0,90.0,0.015,0.5555555555555556
0.0,1.0,16.0,60.0,0.01,0.7777777777777778
0.0,1.0,13.0,60.0,0.01,0.6111111111111112
0.0,35.0,16.0,2100.0,0.35,0.7777777777777778
0.0,2.0,12.0,120.0,0.02,0.5555555555555556
0.0,20.0,16.0,1200.0,0.2,0.7777777777777778
30.0,1.0,13.0,90.0,0.015,0.6111111111111112
0.0,10.0,16.0,600.0,0.1,0.7777777777777778
0.0,20.0,17.0,1200.0,0.2,0.8333333333333334
0.0,1.0,19.0,60.0,0.01,0.9444444444444444
0.0,4.0,18.0,240.0,0.04,0.8888888888888888
45.0,0.0,11.0,45.0,0.0075,0.5
0.0,25.0,14.0,1500.0,0.25,0.6666666666666666
0.0,3.0,16.0,180.0,0.03,0.7777777777777778
0.0,35.0,12.0,2100.0,0.35,0.5555555555555556
0.0,0.0,12.0,0.0,0.0,0.5555555555555556
0.0,0.0,12.0,0.0,0.0,0.5555555555555556
0.0,70.0,14.0,4200.0,0.7,0.6666666666666666
0.0,1.0,16.0,60.0,0.01,0.7777777777777778
0.0,1.0,12.0,60.0,0.01,0.5555555555555556
0.0,5.0,20.0,300.0,0.05,1.0
0.0,48.0,8.0,2880.0,0.48,0.3333333333333333
0.0,0.0,8.0,0.0,0.0,0.3333333333333333
0.0,1.0,12.0,60.0,0.01,0.5555555555555556
0.0,28.0,12.0,1680.0,0.28,0.5555555555555556
0.0,6.0,14.0,360.0,0.06,0.6666666666666666
0.0,20.0,20.0,1200.0,0.2,1.0
0.0,1.0,12.0,60.0,0.01,0.5555555555555556
0.0,0.0,6.0,0.0,0.0,0.2222222222222222
0.0,0.0,13.0,0.0,0.0,0.6111111111111112
30.0,0.0,16.0,30.0,0.005,0.7777777777777778
0.0,20.0,13.0,1200.0,0.2,0.6111111111111112
0.0,1.0,11.0,60.0,0.01,0.5
0.0,25.0,13.0,1500.0,0.25,0.6111111111111112
0.0,7.0,13.0,420.0,0.07,0.6111111111111112
0.0,40.0,16.0,2400.0,0.4,0.7777777777777778
0.0,1.0,16.0,60.0,0.01,0.7777777777777778
0.0,1.0,16.0,60.0,0.01,0.7777777777777778
0.0,2.0,19.0,120.0,0.02,0.9444444444444444
0.0,7.0,14.0,420.0,0.07,0.6666666666666666
0.0,1.0,9.0,60.0,0.01,0.3888888888888889
0.0,3.0,12.0,180.0,0.03,0.5555555555555556
0.0,1.0,12.0,60.0,0.01,0.5555555555555556
0.0,3.0,12.0,180.0,0.03,0.5555555555555556
0.0,30.0,17.0,1800.0,0.3,0.8333333333333334
30.0,1.0,16.0,90.0,0.015,0.7777777777777778
0.0,20.0,16.0,1200.0,0.2,0.7777777777777778
0.0,15.0,16.0,900.0,0.15,0.7777777777777778
0.0,3.0,18.0,180.0,0.03,0.8888888888888888
0.0,20.0,18.0,1200.0,0.2,0.8888888888888888
0.0,0.0,19.0,0.0,0.0,0.9444444444444444
0.0,20.0,16.0,1200.0,0.2,0.7777777777777778
0.0,10.0,12.0,600.0,0.1,0.5555555555555556
30.0,0.0,12.0,30.0,0.005,0.5555555555555556
30.0,0.0,12.0,30.0,0.005,0.5555555555555556
0.0,20.0,16.0,1200.0,0.2,0.7777777777777778
0.0,1.0,14.0,60.0,0.01,0.6666666666666666
0.0,6.0,16.0,360.0,0.06,0.7777777777777778
0.0,4.0,12.0,240.0,0.04,0.5555555555555556
15.0,0.0,12.0,15.0,0.0025,0.5555555555555556
0.0,4.0,14.037621359223301,240.0,0.04,0.6687567421790723
0.0,1.0,15.0,60.0,0.01,0.7222222222222222
0.0,0.0,12.0,0.0,0.0,0.5555555555555556
0.0,0.0,15.0,0.0,0.0,0.7222222222222222
30.0,0.0,12.0,30.0,0.005,0.5555555555555556
0.0,10.0,16.0,600.0,0.1,0.7777777777777778
0.0,2.0,9.0,120.0,0.02,0.3888888888888889
0.0,2.0,13.0,120.0,0.02,0.6111111111111112
30.0,0.0,12.0,30.0,0.005,0.5555555555555556
0.0,1.0,17.0,60.0,0.01,0.8333333333333334
20.0,0.0,15.0,20.0,0.0033333333333333335,0.7222222222222222
0.0,1.0,12.0,60.0,0.01,0.5555555555555556
15.0,0.0,12.0,15.0,0.0025,0.5555555555555556
0.0,1.0,17.0,60.0,0.01,0.8333333333333334
0.0,12.0,13.0,720.0,0.12,0.6111111111111112
0.0,2.0,16.0,120.0,0.02,0.7777777777777778
0.0,2.0,13.0,120.0,0.02,0.6111111111111112
0.0,7.0,16.0,420.0,0.07,0.7777777777777778
10.0,0.0,13.0,10.0,0.0016666666666666668,0.6111111111111112
0.0,5.0,17.0,300.0,0.05,0.8333333333333334
0.0,1.0,14.0,60.0,0.01,0.6666666666666666
20.0,0.0,13.0,20.0,0.0033333333333333335,0.6111111111111112
15.0,0.0,16.0,15.0,0.0025,0.7777777777777778
0.0,0.0,7.0,0.0,0.0,0.2777777777777778
0.0,4.0,14.0,240.0,0.04,0.6666666666666666
0.0,20.0,20.0,1200.0,0.2,1.0
0.0,30.0,15.0,1800.0,0.3,0.7222222222222222
0.0,2.0,13.0,120.0,0.02,0.6111111111111112
30.0,0.0,12.0,30.0,0.005,0.5555555555555556
0.0,0.0,11.0,0.0,0.0,0.5
0.0,1.0,16.0,60.0,0.01,0.7777777777777778
0.0,40.0,14.0,2400.0,0.4,0.6666666666666666
0.0,16.0,14.0,960.0,0.16,0.6666666666666666
0.0,3.0,12.0,180.0,0.03,0.5555555555555556
0.0,0.0,8.0,0.0,0.0,0.3333333333333333
0.0,10.0,12.0,600.0,0.1,0.5555555555555556
0.0,15.0,13.0,900.0,0.15,0.6111111111111112
0.0,1.0,14.0,60.0,0.01,0.6666666666666666
0.0,1.0,11.0,60.0,0.01,0.5
0.0,2.0,16.0,120.0,0.02,0.7777777777777778
50.0,0.0,12.0,50.0,0.008333333333333333,0.5555555555555556
0.0,40.0,19.0,2400.0,0.4,0.9444444444444444
0.0,0.0,8.0,0.0,0.0,0.3333333333333333
0.0,20.0,15.0,1200.0,0.2,0.7222222222222222
0.0,5.0,12.0,300.0,0.05,0.5555555555555556
0.0,4.0,16.0,240.0,0.04,0.7777777777777778
0.0,15.0,15.0,900.0,0.15,0.7222222222222222
0.0,10.0,20.0,600.0,0.1,1.0
0.0,3.0,13.0,180.0,0.03,0.6111111111111112
0.0,2.0,14.0,120.0,0.02,0.6666666666666666
25.0,0.0,13.0,25.0,0.004166666666666667,0.6111111111111112
0.0,3.0,16.0,180.0,0.03,0.7777777777777778
0.0,5.0,18.0,300.0,0.05,0.8888888888888888
0.0,5.0,16.0,300.0,0.05,0.7777777777777778
0.0,2.0,13.0,120.0,0.02,0.6111111111111112
0.0,10.0,12.0,600.0,0.1,0.5555555555555556
0.0,0.0,16.0,0.0,0.0,0.7777777777777778
0.0,8.0,16.0,480.0,0.08,0.7777777777777778
0.0,20.0,12.0,1200.0,0.2,0.5555555555555556
0.0,2.0,17.0,120.0,0.02,0.8333333333333334
0.0,15.0,12.0,900.0,0.15,0.5555555555555556
0.0,2.0,12.0,120.0,0.02,0.5555555555555556
0.0,5.0,16.0,300.0,0.05,0.7777777777777778
20.0,0.0,13.0,20.0,0.0033333333333333335,0.6111111111111112
2.0,0.0,15.0,2.0,0.0003333333333333333,0.7222222222222222
0.0,0.0,11.0,0.0,0.0,0.5
0.0,1.0,14.0,60.0,0.01,0.6666666666666666
0.0,1.0,14.0,60.0,0.01,0.6666666666666666
0.0,1.0,12.0,60.0,0.01,0.5555555555555556
0.0,2.0,20.0,120.0,0.02,1.0
0.0,3.0,16.0,180.0,0.03,0.7777777777777778
0.0,3.0,14.0,180.0,0.03,0.6666666666666666
0.0,10.0,12.0,600.0,0.1,0.5555555555555556
0.0,2.0,12.0,120.0,0.02,0.5555555555555556
0.0,8.0,13.0,480.0,0.08,0.6111111111111112
0.0,6.0,16.0,360.0,0.06,0.7777777777777778
0.0,5.0,14.0,300.0,0.05,0.6666666666666666
0.0,0.0,9.0,0.0,0.0,0.3888888888888889
48.0,0.0,12.0,48.0,0.008,0.5555555555555556
0.0,7.0,11.0,420.0,0.07,0.5
0.0,50.0,16.0,3000.0,0.5,0.7777777777777778
0.0,50.0,14.0,3000.0,0.5,0.6666666666666666
0.0,25.0,14.0,1500.0,0.25,0.6666666666666666
0.0,30.0,16.0,1800.0,0.3,0.7777777777777778
0.0,3.0,15.0,180.0,0.03,0.7222222222222222
0.0,0.0,6.0,0.0,0.0,0.2222222222222222
0.0,2.0,17.0,120.0,0.02,0.8333333333333334
0.0,30.0,18.0,1800.0,0.3,0.8888888888888888
0.0,25.0,17.0,1500.0,0.25,0.8333333333333334
0.0,8.0,17.0,480.0,0.08,0.8333333333333334
0.0,1.0,17.0,60.0,0.01,0.8333333333333334
15.0,0.0,12.0,15.0,0.0025,0.5555555555555556
10.0,0.0,16.0,10.0,0.0016666666666666668,0.7777777777777778
0.0,3.0,12.0,180.0,0.03,0.5555555555555556
0.0,0.0,14.0,0.0,0.0,0.6666666666666666
10.0,0.0,15.0,10.0,0.0016666666666666668,0.7222222222222222
0.0,1.0,13.0,60.0,0.01,0.6111111111111112
0.0,6.0,16.0,360.0,0.06,0.7777777777777778
0.0,2.0,14.0,120.0,0.02,0.6666666666666666
0.0,6.0,16.0,360.0,0.06,0.7777777777777778
0.0,0.0,16.0,0.0,0.0,0.7777777777777778
0.0,20.0,18.0,1200.0,0.2,0.8888888888888888
0.0,2.0,20.0,120.0,0.02,1.0
0.0,0.0,18.0,0.0,0.0,0.8888888888888888
0.0,1.0,12.0,60.0,0.01,0.5555555555555556
0.0,5.0,18.0,300.0,0.05,0.8888888888888888
0.0,2.0,16.0,120.0,0.02,0.7777777777777778
0.0,3.0,14.0,180.0,0.03,0.6666666666666666
0.0,5.0,11.0,300.0,0.05,0.5
0.0,4.0,12.0,240.0,0.04,0.5555555555555556
0.0,1.0,15.0,60.0,0.01,0.7222222222222222
0.0,1.0,8.0,60.0,0.01,0.3333333333333333
0.0,2.0,18.0,120.0,0.02,0.8888888888888888
0.0,2.0,12.0,120.0,0.02,0.5555555555555556
0.0,0.0,12.0,0.0,0.0,0.5555555555555556
0.0,7.0,17.0,420.0,0.07,0.8333333333333334
0.0,40.0,16.0,2400.0,0.4,0.7777777777777778
30.0,0.0,14.0,30.0,0.005,0.6666666666666666
10.0,0.0,12.0,10.0,0.0016666666666666668,0.5555555555555556
0.0,2.0,12.0,120.0,0.02,0.5555555555555556
0.0,15.0,16.0,900.0,0.15,0.7777777777777778
0.0,1.0,16.0,60.0,0.01,0.7777777777777778
0.0,12.0,13.0,720.0,0.12,0.6111111111111112
0.0,30.0,12.0,1800.0,0.3,0.5555555555555556
0.0,7.0,11.0,420.0,0.07,0.5
0.0,5.0,20.0,300.0,0.05,1.0
0.0,10.0,16.0,600.0,0.1,0.7777777777777778
0.0,20.0,16.0,1200.0,0.2,0.7777777777777778
0.0,15.0,18.0,900.0,0.15,0.8888888888888888
0.0,5.0,12.0,300.0,0.05,0.5555555555555556
20.0,0.0,18.0,20.0,0.0033333333333333335,0.8888888888888888
0.0,60.0,16.0,3600.0,0.6,0.7777777777777778
0.0,2.0,13.0,120.0,0.02,0.6111111111111112
0.0,0.0,9.0,0.0,0.0,0.3888888888888889
0.0,1.0,14.0,60.0,0.01,0.6666666666666666
10.0,0.0,14.0,10.0,0.0016666666666666668,0.6666666666666666
0.0,7.0,13.0,420.0,0.07,0.6111111111111112
30.0,0.0,16.0,30.0,0.005,0.7777777777777778
0.0,2.0,12.0,120.0,0.02,0.5555555555555556
0.0,1.0,13.0,60.0,0.01,0.6111111111111112
0.0,3.0,13.0,180.0,0.03,0.6111111111111112
0.0,2.0,14.0,120.0,0.02,0.6666666666666666
0.0,8.0,13.0,480.0,0.08,0.6111111111111112
0.0,4.0,12.0,240.0,0.04,0.5555555555555556
0.0,50.0,12.0,3000.0,0.5,0.5555555555555556
40.0,0.0,12.0,40.0,0.006666666666666667,0.5555555555555556
0.0,25.0,14.0,1500.0,0.25,0.6666666666666666
0.0,0.0,12.0,0.0,0.0,0.5555555555555556
0.0,35.0,17.0,2100.0,0.35,0.8333333333333334
10.0,0.0,14.0,10.0,0.0016666666666666668,0.6666666666666666
0.0,45.0,16.0,2700.0,0.45,0.7777777777777778
30.0,0.0,10.0,30.0,0.005,0.4444444444444444
0.0,1.0,12.0,60.0,0.01,0.5555555555555556
0.0,2.0,13.0,120.0,0.02,0.6111111111111112
0.0,1.0,11.0,60.0,0.01,0.5
0.0,1.0,12.0,60.0,0.01,0.5555555555555556
0.0,0.0,12.0,0.0,0.0,0.5555555555555556
0.0,0.0,12.0,0.0,0.0,0.5555555555555556
0.0,7.0,14.0,420.0,0.07,0.6666666666666666
0.0,5.0,18.0,300.0,0.05,0.8888888888888888
2.0,0.0,12.0,2.0,0.0003333333333333333,0.5555555555555556
0.0,0.0,12.0,0.0,0.0,0.5555555555555556
0.0,1.0,11.0,60.0,0.01,0.5
0.0,0.0,16.0,0.0,0.0,0.7777777777777778
0.0,1.0,15.0,60.0,0.01,0.7222222222222222
0.0,6.0,14.0,360.0,0.06,0.6666666666666666
0.0,15.0,19.0,900.0,0.15,0.9444444444444444
0.0,1.0,12.0,60.0,0.01,0.5555555555555556
30.0,0.0,12.0,30.0,0.005,0.5555555555555556
0.0,1.0,12.0,60.0,0.01,0.5555555555555556
0.0,0.0,12.0,0.0,0.0,0.5555555555555556
0.0,7.0,15.0,420.0,0.07,0.7222222222222222
0.0,0.0,18.0,0.0,0.0,0.8888888888888888
0.0,0.0,12.0,0.0,0.0,0.5555555555555556
0.0,2.0,16.0,120.0,0.02,0.7777777777777778
0.0,10.0,13.0,600.0,0.1,0.6111111111111112
0.0,2.0,16.0,120.0,0.02,0.7777777777777778
30.0,3.0,20.0,210.0,0.035,1.0
0.0,5.0,15.0,300.0,0.05,0.7222222222222222
0.0,3.0,16.0,180.0,0.03,0.7777777777777778
0.0,14.0,16.0,840.0,0.14,0.7777777777777778
0.0,0.0,12.0,0.0,0.0,0.5555555555555556
30.0,0.0,13.0,30.0,0.005,0.6111111111111112
0.0,0.0,8.0,0.0,0.0,0.3333333333333333
0.0,0.0,10.0,0.0,0.0,0.4444444444444444
0.0,1.0,15.0,60.0,0.01,0.7222222222222222
0.0,2.0,16.0,120.0,0.02,0.7777777777777778
0.0,2.0,17.0,120.0,0.02,0.8333333333333334
30.0,1.0,12.0,90.0,0.015,0.5555555555555556
0.0,2.0,13.0,120.0,0.02,0.6111111111111112
0.0,35.0,16.0,2100.0,0.35,0.7777777777777778
0.0,8.0,16.0,480.0,0.08,0.7777777777777778
0.0,0.0,11.0,0.0,0.0,0.5
30.0,0.0,12.0,30.0,0.005,0.5555555555555556
0.0,1.0,14.0,60.0,0.01,0.6666666666666666
0.0,0.0,11.0,0.0,0.0,0.5
0.0,1.0,14.0,60.0,0.01,0.6666666666666666
0.0,1.0,15.0,60.0,0.01,0.7222222222222222
0.0,40.0,16.0,2400.0,0.4,0.7777777777777778
0.0,1.0,13.0,60.0,0.01,0.6111111111111112
0.0,0.0,9.0,0.0,0.0,0.3888888888888889
0.0,1.0,14.0,60.0,0.01,0.6666666666666666
0.0,1.0,14.0,60.0,0.01,0.6666666666666666
0.0,10.0,12.0,600.0,0.1,0.5555555555555556
0.0,4.0,12.0,240.0,0.04,0.5555555555555556
0.0,0.0,12.0,0.0,0.0,0.5555555555555556
0.0,2.0,14.0,120.0,0.02,0.6666666666666666
0.0,2.0,16.0,120.0,0.02,0.7777777777777778
0.0,1.0,12.0,60.0,0.01,0.5555555555555556
0.0,0.0,12.0,0.0,0.0,0.5555555555555556
0.0,15.0,12.0,900.0,0.15,0.5555555555555556
0.0,2.0,12.0,120.0,0.02,0.5555555555555556
0.0,1.0,12.0,60.0,0.01,0.5555555555555556
0.0,2.0,16.0,120.0,0.02,0.7777777777777778
0.0,0.0,14.0,0.0,0.0,0.6666666666666666
0.0,5.0,14.0,300.0,0.05,0.6666666666666666
0.0,2.0,8.0,120.0,0.02,0.3333333333333333
0.0,9.0,12.0,540.0,0.09,0.5555555555555556
0.0,25.0,13.0,1500.0,0.25,0.6111111111111112
0.0,2.0,16.0,120.0,0.02,0.7777777777777778
30.0,1.0,13.0,90.0,0.015,0.6111111111111112
0.0,2.0,12.0,120.0,0.02,0.5555555555555556
0.0,30.0,6.0,1800.0,0.3,0.2222222222222222
0.0,30.0,16.0,1800.0,0.3,0.7777777777777778
0.0,2.0,13.0,120.0,0.02,0.6111111111111112
0.0,1.0,12.0,60.0,0.01,0.5555555555555556
0.0,20.0,14.0,1200.0,0.2,0.6666666666666666
0.0,2.0,14.0,120.0,0.02,0.6666666666666666
0.0,40.0,16.0,2400.0,0.4,0.7777777777777778
0.0,0.0,12.0,0.0,0.0,0.5555555555555556
0.0,6.0,20.0,360.0,0.06,1.0
0.0,4.0,8.0,240.0,0.04,0.3333333333333333
0.0,5.0,15.0,300.0,0.05,0.7222222222222222
0.0,1.0,14.0,60.0,0.01,0.6666666666666666
0.0,2.0,16.0,120.0,0.02,0.7777777777777778
0.0,6.0,14.0,360.0,0.06,0.6666666666666666
0.0,1.0,14.0,60.0,0.01,0.6666666666666666
0.0,0.0,12.0,0.0,0.0,0.5555555555555556
0.0,20.0,16.0,1200.0,0.2,0.7777777777777778
0.0,2.0,18.0,120.0,0.02,0.8888888888888888
0.0,1.0,17.0,60.0,0.01,0.8333333333333334
0.0,0.0,14.0,0.0,0.0,0.6666666666666666
0.0,3.0,12.0,180.0,0.03,0.5555555555555556
30.0,0.0,12.0,30.0,0.005,0.5555555555555556
0.0,0.0,12.0,0.0,0.0,0.5555555555555556
0.0,1.0,13.0,60.0,0.01,0.6111111111111112
0.0,15.0,15.0,900.0,0.15,0.7222222222222222
0.0,10.0,12.0,600.0,0.1,0.5555555555555556
0.0,2.0,18.0,120.0,0.02,0.8888888888888888
0.0,3.0,16.0,180.0,0.03,0.7777777777777778
0.0,4.0,12.0,240.0,0.04,0.5555555555555556
0.0,6.0,14.0,360.0,0.06,0.6666666666666666
0.0,0.0,16.0,0.0,0.0,0.7777777777777778
0.0,2.0,12.0,120.0,0.02,0.5555555555555556
0.0,10.0,16.0,600.0,0.1,0.7777777777777778
0.0,5.0,12.0,300.0,0.05,0.5555555555555556
20.0,0.0,12.0,20.0,0.0033333333333333335,0.5555555555555556
0.0,20.0,18.0,1200.0,0.2,0.8888888888888888
0.0,3.0,16.0,180.0,0.03,0.7777777777777778
0.0,25.0,13.0,1500.0,0.25,0.6111111111111112
0.0,2.0,12.0,120.0,0.02,0.5555555555555556
0.0,1.0,12.0,60.0,0.01,0.5555555555555556
0.0,4.0,12.0,240.0,0.04,0.5555555555555556
30.0,3.0,20.0,210.0,0.035,1.0
30.0,1.0,12.0,90.0,0.015,0.5555555555555556
0.0,1.0,14.0,60.0,0.01,0.6666666666666666
0.0,1.0,16.0,60.0,0.01,0.7777777777777778
0.0,30.0,16.0,1800.0,0.3,0.7777777777777778
0.0,10.0,14.0,600.0,0.1,0.6666666666666666
0.0,4.0,13.0,240.0,0.04,0.6111111111111112
30.0,0.0,11.0,30.0,0.005,0.5
0.0,10.0,9.0,600.0,0.1,0.3888888888888889
0.0,1.0,16.0,60.0,0.01,0.7777777777777778
0.0,1.0,14.0,60.0,0.01,0.6666666666666666
0.0,4.0,12.0,240.0,0.04,0.5555555555555556
0.0,0.0,12.0,0.0,0.0,0.5555555555555556
0.0,10.0,14.0,600.0,0.1,0.6666666666666666
0.0,0.0,12.0,0.0,0.0,0.5555555555555556
0.0,2.0,12.0,120.0,0.02,0.5555555555555556
0.0,40.0,16.0,2400.0,0.4,0.7777777777777778
0.0,1.0,12.0,60.0,0.01,0.5555555555555556
0.0,5.0,14.0,300.0,0.05,0.6666666666666666
0.0,10.0,16.0,600.0,0.1,0.7777777777777778
0.0,1.0,14.0,60.0,0.01,0.6666666666666666
0.0,7.0,16.0,420.0,0.07,0.7777777777777778
0.0,1.0,16.0,60.0,0.01,0.7777777777777778
0.0,2.0,16.0,120.0,0.02,0.7777777777777778
0.0,1.0,14.0,60.0,0.01,0.6666666666666666
30.0,0.0,18.0,30.0,0.005,0.8888888888888888
0.0,0.0,8.0,0.0,0.0,0.3333333333333333
40.0,0.0,13.0,40.0,0.006666666666666667,0.6111111111111112
0.0,0.0,12.0,0.0,0.0,0.5555555555555556
45.0,0.0,16.0,45.0,0.0075,0.7777777777777778
0.0,8.0,15.0,480.0,0.08,0.7222222222222222
0.0,0.0,12.0,0.0,0.0,0.5555555555555556
0.0,20.0,18.0,1200.0,0.2,0.8888888888888888
30.0,2.0,16.0,150.0,0.025,0.7777777777777778
0.0,14.0,17.0,840.0,0.14,0.8333333333333334
0.0,0.0,20.0,0.0,0.0,1.0
0.0,8.0,20.0,480.0,0.08,1.0
0.0,2.0,18.0,120.0,0.02,0.8888888888888888
15.0,0.0,16.0,15.0,0.0025,0.7777777777777778
30.0,0.0,14.0,30.0,0.005,0.6666666666666666
0.0,1.0,13.0,60.0,0.01,0.6111111111111112
30.0,0.0,20.0,30.0,0.005,1.0
0.0,3.0,17.0,180.0,0.03,0.8333333333333334
0.0,5.0,13.0,300.0,0.05,0.6111111111111112
0.0,22.0,12.0,1320.0,0.22,0.5555555555555556
0.0,3.0,14.0,180.0,0.03,0.6666666666666666
0.0,20.0,13.0,1200.0,0.2,0.6111111111111112
0.0,0.0,16.0,0.0,0.0,0.7777777777777778
0.0,5.0,14.0,300.0,0.05,0.6666666666666666
0.0,2.0,12.0,120.0,0.02,0.5555555555555556
30.0,0.0,16.0,30.0,0.005,0.7777777777777778
0.0,7.0,12.0,420.0,0.07,0.5555555555555556
0.0,1.0,12.0,60.0,0.01,0.5555555555555556
0.0,2.0,17.0,120.0,0.02,0.8333333333333334
0.0,3.0,20.0,180.0,0.03,1.0
0.0,12.0,17.0,720.0,0.12,0.8333333333333334
0.0,1.0,13.0,60.0,0.01,0.6111111111111112
0.0,0.0,11.0,0.0,0.0,0.5
0.0,1.0,16.0,60.0,0.01,0.7777777777777778
0.0,20.0,16.0,1200.0,0.2,0.7777777777777778
0.0,1.0,10.0,60.0,0.01,0.4444444444444444
30.0,0.0,10.0,30.0,0.005,0.4444444444444444
0.0,6.0,16.0,360.0,0.06,0.7777777777777778
0.0,1.0,12.0,60.0,0.01,0.5555555555555556
0.0,7.0,16.0,420.0,0.07,0.7777777777777778
0.0,12.0,12.0,720.0,0.12,0.5555555555555556
0.0,1.0,13.0,60.0,0.01,0.6111111111111112
0.0,10.0,12.0,600.0,0.1,0.5555555555555556
0.0,30.0,14.0,1800.0,0.3,0.6666666666666666
0.0,10.0,15.0,600.0,0.1,0.7222222222222222
0.0,8.0,16.0,480.0,0.08,0.7777777777777778
0.0,10.0,12.0,600.0,0.1,0.5555555555555556
0.0,2.0,12.0,120.0,0.02,0.5555555555555556
0.0,2.0,12.0,120.0,0.02,0.5555555555555556
0.0,3.0,12.0,180.0,0.03,0.5555555555555556
0.0,0.0,12.0,0.0,0.0,0.5555555555555556
0.0,10.0,16.0,600.0,0.1,0.7777777777777778
0.0,1.0,12.0,60.0,0.01,0.5555555555555556
0.0,1.0,12.0,60.0,0.01,0.5555555555555556
0.0,1.0,11.0,60.0,0.01,0.5
0.0,1.0,11.0,60.0,0.01,0.5
0.0,7.0,16.0,420.0,0.07,0.7777777777777778
0.0,35.0,16.0,2100.0,0.35,0.7777777777777778
0.0,5.0,18.0,300.0,0.05,0.8888888888888888
0.0,8.0,13.0,480.0,0.08,0.6111111111111112
0.0,0.0,11.0,0.0,0.0,0.5
0.0,1.0,13.0,60.0,0.01,0.6111111111111112
0.0,1.0,17.0,60.0,0.01,0.8333333333333334
0.0,1.0,12.0,60.0,0.01,0.5555555555555556
0.0,5.0,12.0,300.0,0.05,0.5555555555555556
0.0,2.0,16.0,120.0,0.02,0.7777777777777778
10.0,0.0,16.0,10.0,0.0016666666666666668,0.7777777777777778
0.0,2.0,12.0,120.0,0.02,0.5555555555555556
0.0,5.0,16.0,300.0,0.05,0.7777777777777778
0.0,1.0,15.0,60.0,0.01,0.7222222222222222
0.0,0.0,11.0,0.0,0.0,0.5
0.0,1.0,12.0,60.0,0.01,0.5555555555555556
0.0,2.0,14.0,120.0,0.02,0.6666666666666666
0.0,0.0,13.0,0.0,0.0,0.6111111111111112
0.0,25.0,17.0,1500.0,0.25,0.8333333333333334
0.0,1.0,12.0,60.0,0.01,0.5555555555555556
30.0,0.0,19.0,30.0,0.005,0.9444444444444444
30.0,0.0,12.0,30.0,0.005,0.5555555555555556
30.0,0.0,13.0,30.0,0.005,0.6111111111111112
0.0,0.0,14.0,0.0,0.0,0.6666666666666666
0.0,35.0,16.0,2100.0,0.35,0.7777777777777778
0.0,10.0,19.0,600.0,0.1,0.9444444444444444
0.0,1.0,16.0,60.0,0.01,0.7777777777777778
0.0,2.0,16.0,120.0,0.02,0.7777777777777778
0.0,2.0,20.0,120.0,0.02,1.0
0.0,1.0,16.0,60.0,0.01,0.7777777777777778
0.0,0.0,19.0,0.0,0.0,0.9444444444444444
0.0,5.0,18.0,300.0,0.05,0.8888888888888888
20.0,0.0,15.0,20.0,0.0033333333333333335,0.7222222222222222
0.0,1.0,16.0,60.0,0.01,0.7777777777777778
0.0,0.0,12.0,0.0,0.0,0.5555555555555556
0.0,2.0,14.0,120.0,0.02,0.6666666666666666
0.0,1.0,13.0,60.0,0.01,0.6111111111111112
0.0,0.0,16.0,0.0,0.0,0.7777777777777778
0.0,1.0,12.0,60.0,0.01,0.5555555555555556
5.0,0.0,15.0,5.0,0.0008333333333333334,0.7222222222222222
0.0,1.0,13.0,60.0,0.01,0.6111111111111112
0.0,2.0,12.0,120.0,0.02,0.5555555555555556
0.0,2.0,17.0,120.0,0.02,0.8333333333333334
0.0,0.0,12.0,0.0,0.0,0.5555555555555556
0.0,4.0,16.0,240.0,0.04,0.7777777777777778
0.0,14.0,14.0,840.0,0.14,0.6666666666666666
0.0,4.0,12.0,240.0,0.04,0.5555555555555556
0.0,3.0,11.0,180.0,0.03,0.5
0.0,8.0,12.0,480.0,0.08,0.5555555555555556
0.0,16.0,12.0,960.0,0.16,0.5555555555555556
0.0,1.0,14.0,60.0,0.01,0.6666666666666666
0.0,0.0,12.0,0.0,0.0,0.5555555555555556
0.0,5.0,12.0,300.0,0.05,0.5555555555555556
0.0,36.0,16.0,2160.0,0.36,0.7777777777777778
0.0,4.0,5.0,240.0,0.04,0.16666666666666666
0.0,20.0,19.0,1200.0,0.2,0.9444444444444444
30.0,0.0,12.0,30.0,0.005,0.5555555555555556
0.0,1.0,13.0,60.0,0.01,0.6111111111111112
0.0,1.0,13.0,60.0,0.01,0.6111111111111112
0.0,0.0,12.0,0.0,0.0,0.5555555555555556
45.0,0.0,17.0,45.0,0.0075,0.8333333333333334
0.0,3.0,15.0,180.0,0.03,0.7222222222222222
0.0,4.0,16.0,240.0,0.04,0.7777777777777778
0.0,5.0,16.0,300.0,0.05,0.7777777777777778
0.0,0.0,12.0,0.0,0.0,0.5555555555555556
0.0,0.0,12.0,0.0,0.0,0.5555555555555556
0.0,20.0,18.0,1200.0,0.2,0.8888888888888888
0.0,0.0,12.0,0.0,0.0,0.5555555555555556
0.0,1.0,16.0,60.0,0.01,0.7777777777777778
0.0,5.0,12.0,300.0,0.05,0.5555555555555556
0.0,2.0,14.0,120.0,0.02,0.6666666666666666
0.0,15.0,13.0,900.0,0.15,0.6111111111111112
0.0,1.0,10.0,60.0,0.01,0.4444444444444444
0.0,10.0,12.0,600.0,0.1,0.5555555555555556
30.0,0.0,14.0,30.0,0.005,0.6666666666666666
0.0,1.0,17.0,60.0,0.01,0.8333333333333334
0.0,4.0,19.0,240.0,0.04,0.9444444444444444
0.0,3.0,12.0,180.0,0.03,0.5555555555555556
0.0,2.0,16.0,120.0,0.02,0.7777777777777778
0.0,2.0,12.0,120.0,0.02,0.5555555555555556
0.0,6.0,17.0,360.0,0.06,0.8333333333333334
0.0,0.0,12.0,0.0,0.0,0.5555555555555556
0.0,1.0,15.0,60.0,0.01,0.7222222222222222
0.0,5.0,12.0,300.0,0.05,0.5555555555555556
30.0,0.0,18.0,30.0,0.005,0.8888888888888888
30.0,0.0,14.0,30.0,0.005,0.6666666666666666
0.0,3.0,14.0,180.0,0.03,0.6666666666666666
0.0,4.0,13.0,240.0,0.04,0.6111111111111112
0.0,25.0,12.0,1500.0,0.25,0.5555555555555556
0.0,5.0,13.0,300.0,0.05,0.6111111111111112
0.0,2.0,13.0,120.0,0.02,0.6111111111111112
0.0,20.0,12.0,1200.0,0.2,0.5555555555555556
0.0,50.0,16.0,3000.0,0.5,0.7777777777777778
0.0,20.0,12.0,1200.0,0.2,0.5555555555555556
0.0,4.0,16.0,240.0,0.04,0.7777777777777778
0.0,25.0,14.0,1500.0,0.25,0.6666666666666666
0.0,7.0,16.0,420.0,0.07,0.7777777777777778
0.0,10.0,16.0,600.0,0.1,0.7777777777777778
0.0,3.0,12.0,180.0,0.03,0.5555555555555556
0.0,2.0,17.0,120.0,0.02,0.8333333333333334
0.0,5.0,16.0,300.0,0.05,0.7777777777777778
0.0,20.0,12.0,1200.0,0.2,0.5555555555555556
0.0,1.0,12.0,60.0,0.01,0.5555555555555556
0.0,8.0,12.0,480.0,0.08,0.5555555555555556
0.0,2.0,14.0,120.0,0.02,0.6666666666666666
0.0,5.0,12.0,300.0,0.05,0.5555555555555556
0.0,1.0,12.0,60.0,0.01,0.5555555555555556
0.0,72.0,14.0,4320.0,0.72,0.6666666666666666
0.0,0.0,12.0,0.0,0.0,0.5555555555555556
0.0,0.0,12.0,0.0,0.0,0.5555555555555556
0.0,0.0,12.0,0.0,0.0,0.5555555555555556
0.0,3.0,16.0,180.0,0.03,0.7777777777777778
0.0,2.0,11.0,120.0,0.02,0.5
0.0,0.0,12.0,0.0,0.0,0.5555555555555556
0.0,0.0,12.0,0.0,0.0,0.5555555555555556
30.0,0.0,16.0,30.0,0.005,0.7777777777777778
0.0,3.0,14.0,180.0,0.03,0.6666666666666666
0.0,0.0,12.0,0.0,0.0,0.5555555555555556
0.0,1.0,14.0,60.0,0.01,0.6666666666666666
0.0,1.0,14.0,60.0,0.01,0.6666666666666666
0.0,0.0,11.0,0.0,0.0,0.5
0.0,20.0,15.0,1200.0,0.2,0.7222222222222222
0.0,0.0,12.0,0.0,0.0,0.5555555555555556
0.0,30.0,14.0,1800.0,0.3,0.6666666666666666
0.0,8.0,12.0,480.0,0.08,0.5555555555555556
30.0,0.0,12.0,30.0,0.005,0.5555555555555556
0.0,9.0,14.0,540.0,0.09,0.6666666666666666
0.0,1.0,16.0,60.0,0.01,0.7777777777777778
0.0,6.0,12.0,360.0,0.06,0.5555555555555556
0.0,2.0,13.0,120.0,0.02,0.6111111111111112
0.0,20.0,13.0,1200.0,0.2,0.6111111111111112
0.0,10.0,19.0,600.0,0.1,0.9444444444444444
0.0,5.0,18.0,300.0,0.05,0.8888888888888888
0.0,10.0,16.0,600.0,0.1,0.7777777777777778
20.0,0.0,12.0,20.0,0.0033333333333333335,0.5555555555555556
0.0,7.0,12.0,420.0,0.07,0.5555555555555556
0.0,1.0,20.0,60.0,0.01,1.0
0.0,15.0,12.0,900.0,0.15,0.5555555555555556
10.0,0.0,14.0,10.0,0.0016666666666666668,0.6666666666666666
0.0,21.0,13.0,1260.0,0.21,0.6111111111111112
0.0,10.0,16.0,600.0,0.1,0.7777777777777778
0.0,14.0,12.0,840.0,0.14,0.5555555555555556
0.0,3.0,19.0,180.0,0.03,0.9444444444444444
0.0,4.0,12.0,240.0,0.04,0.5555555555555556
0.0,4.0,13.0,240.0,0.04,0.6111111111111112
30.0,0.0,12.0,30.0,0.005,0.5555555555555556
0.0,0.0,15.0,0.0,0.0,0.7222222222222222
0.0,1.0,14.0,60.0,0.01,0.6666666666666666
1.0,0.0,10.0,1.0,0.00016666666666666666,0.4444444444444444
0.0,8.0,12.0,480.0,0.08,0.5555555555555556
0.0,7.0,12.0,420.0,0.07,0.5555555555555556
30.0,1.0,12.0,90.0,0.015,0.5555555555555556
0.0,10.0,14.0,600.0,0.1,0.6666666666666666
0.0,8.0,12.0,480.0,0.08,0.5555555555555556
30.0,0.0,13.0,30.0,0.005,0.6111111111111112
0.0,12.0,15.0,720.0,0.12,0.7222222222222222
0.0,2.0,13.0,120.0,0.02,0.6111111111111112
0.0,5.0,16.0,300.0,0.05,0.7777777777777778
30.0,0.0,14.0,30.0,0.005,0.6666666666666666
0.0,8.0,10.0,480.0,0.08,0.4444444444444444
30.0,0.0,12.0,30.0,0.005,0.5555555555555556
0.0,7.0,15.0,420.0,0.07,0.7222222222222222
0.0,10.0,12.0,600.0,0.1,0.5555555555555556
0.0,5.0,12.0,300.0,0.05,0.5555555555555556
0.0,2.0,14.0,120.0,0.02,0.6666666666666666
0.0,3.0,12.0,180.0,0.03,0.5555555555555556
0.0,1.0,12.0,60.0,0.01,0.5555555555555556
0.0,0.0,12.0,0.0,0.0,0.5555555555555556
0.0,0.0,10.0,0.0,0.0,0.4444444444444444
30.0,0.0,16.0,30.0,0.005,0.7777777777777778
0.0,7.0,14.0,420.0,0.07,0.6666666666666666
0.0,0.0,12.0,0.0,0.0,0.5555555555555556
0.0,1.0,16.0,60.0,0.01,0.7777777777777778
0.0,1.0,11.0,60.0,0.01,0.5
30.0,0.0,13.0,30.0,0.005,0.6111111111111112
0.0,10.0,14.0,600.0,0.1,0.6666666666666666
0.0,0.0,12.0,0.0,0.0,0.5555555555555556
0.0,2.0,12.0,120.0,0.02,0.5555555555555556
0.0,10.0,12.0,600.0,0.1,0.5555555555555556
0.0,0.0,11.0,0.0,0.0,0.5
0.0,20.0,12.0,1200.0,0.2,0.5555555555555556
0.0,0.0,11.0,0.0,0.0,0.5
0.0,5.0,20.0,300.0,0.05,1.0
0.0,4.0,16.0,240.0,0.04,0.7777777777777778
0.0,1.0,11.0,60.0,0.01,0.5
0.0,30.0,12.0,1800.0,0.3,0.5555555555555556
0.0,0.0,10.0,0.0,0.0,0.4444444444444444
0.0,0.0,10.0,0.0,0.0,0.4444444444444444
0.0,21.0,6.0,1260.0,0.21,0.2222222222222222
0.0,0.0,10.0,0.0,0.0,0.4444444444444444
0.0,3.0,12.0,180.0,0.03,0.5555555555555556
0.0,4.0,10.0,240.0,0.04,0.4444444444444444
0.0,4.0,12.0,240.0,0.04,0.5555555555555556
0.0,2.0,10.0,120.0,0.02,0.4444444444444444
30.0,0.0,17.0,30.0,0.005,0.8333333333333334
0.0,1.0,15.0,60.0,0.01,0.7222222222222222
0.0,40.0,14.0,2400.0,0.4,0.6666666666666666
0.0,2.0,14.0,120.0,0.02,0.6666666666666666
0.0,3.0,11.0,180.0,0.03,0.5
0.0,0.0,14.0,0.0,0.0,0.6666666666666666
0.0,20.0,16.0,1200.0,0.2,0.7777777777777778
50.0,0.0,16.0,50.0,0.008333333333333333,0.7777777777777778
0.0,4.0,11.0,240.0,0.04,0.5
10.0,0.0,15.0,10.0,0.0016666666666666668,0.7222222222222222
30.0,0.0,14.0,30.0,0.005,0.6666666666666666
0.0,7.0,14.0,420.0,0.07,0.6666666666666666
30.0,0.0,12.0,30.0,0.005,0.5555555555555556
0.0,2.0,14.0,120.0,0.02,0.6666666666666666
0.0,4.0,12.0,240.0,0.04,0.5555555555555556
0.0,6.0,16.0,360.0,0.06,0.7777777777777778
0.0,1.0,14.0,60.0,0.01,0.6666666666666666
0.0,30.0,19.0,1800.0,0.3,0.9444444444444444
0.0,1.0,12.0,60.0,0.01,0.5555555555555556
0.0,3.0,16.0,180.0,0.03,0.7777777777777778
0.0,1.0,17.0,60.0,0.01,0.8333333333333334
0.0,10.0,16.0,600.0,0.1,0.7777777777777778
0.0,30.0,10.0,1800.0,0.3,0.4444444444444444
0.0,1.0,18.0,60.0,0.01,0.8888888888888888
0.0,2.0,20.0,120.0,0.02,1.0
0.0,0.0,14.0,0.0,0.0,0.6666666666666666
0.0,1.0,12.0,60.0,0.01,0.5555555555555556
0.0,4.0,11.0,240.0,0.04,0.5
0.0,2.0,18.0,120.0,0.02,0.8888888888888888
0.0,5.0,18.0,300.0,0.05,0.8888888888888888
0.0,4.0,14.0,240.0,0.04,0.6666666666666666
0.0,50.0,16.0,3000.0,0.5,0.7777777777777778
0.0,25.0,19.0,1500.0,0.25,0.9444444444444444
0.0,60.0,16.0,3600.0,0.6,0.7777777777777778
0.0,2.0,16.0,120.0,0.02,0.7777777777777778
0.0,1.0,16.0,60.0,0.01,0.7777777777777778
0.0,15.0,16.0,900.0,0.15,0.7777777777777778
0.0,100.0,13.0,6000.0,1.0,0.6111111111111112
0.0,20.0,9.0,1200.0,0.2,0.3888888888888889
0.0,0.0,6.0,0.0,0.0,0.2222222222222222
0.0,20.0,18.0,1200.0,0.2,0.8888888888888888
30.0,0.0,12.0,30.0,0.005,0.5555555555555556
0.0,0.0,12.0,0.0,0.0,0.5555555555555556
0.0,10.0,13.0,600.0,0.1,0.6111111111111112
0.0,0.0,10.0,0.0,0.0,0.4444444444444444
20.0,0.0,12.0,20.0,0.0033333333333333335,0.5555555555555556
0.0,1.0,14.0,60.0,0.01,0.6666666666666666
0.0,0.0,12.0,0.0,0.0,0.5555555555555556
0.0,20.0,20.0,1200.0,0.2,1.0
0.0,5.0,12.0,300.0,0.05,0.5555555555555556
0.0,1.0,12.0,60.0,0.01,0.5555555555555556
0.0,0.0,12.0,0.0,0.0,0.5555555555555556
30.0,0.0,14.0,30.0,0.005,0.6666666666666666
0.0,10.0,14.0,600.0,0.1,0.6666666666666666
0.0,0.0,9.0,0.0,0.0,0.3888888888888889
30.0,0.0,13.0,30.0,0.005,0.6111111111111112
10.0,0.0,12.0,10.0,0.0016666666666666668,0.5555555555555556
0.0,1.0,11.0,60.0,0.01,0.5
0.0,21.0,16.0,1260.0,0.21,0.7777777777777778
0.0,3.0,12.0,180.0,0.03,0.5555555555555556
0.0,0.0,15.0,0.0,0.0,0.7222222222222222
0.0,1.0,6.0,60.0,0.01,0.2222222222222222
0.0,25.0,13.0,1500.0,0.25,0.6111111111111112
0.0,5.0,15.0,300.0,0.05,0.7222222222222222
0.0,2.0,14.0,120.0,0.02,0.6666666666666666
0.0,1.0,8.0,60.0,0.01,0.3333333333333333
0.0,3.0,15.0,180.0,0.03,0.7222222222222222
0.0,1.0,12.0,60.0,0.01,0.5555555555555556
30.0,0.0,16.0,30.0,0.005,0.7777777777777778
0.0,5.0,16.0,300.0,0.05,0.7777777777777778
0.0,1.0,12.0,60.0,0.01,0.5555555555555556
0.0,1.0,20.0,60.0,0.01,1.0
0.0,0.0,12.0,0.0,0.0,0.5555555555555556
0.0,1.0,14.0,60.0,0.01,0.6666666666666666
0.0,48.0,12.0,2880.0,0.48,0.5555555555555556
30.0,0.0,17.0,30.0,0.005,0.8333333333333334
0.0,30.0,13.0,1800.0,0.3,0.6111111111111112
0.0,5.0,18.0,300.0,0.05,0.8888888888888888
0.0,20.0,20.0,1200.0,0.2,1.0
0.0,0.0,14.0,0.0,0.0,0.6666666666666666
0.0,2.0,16.0,120.0,0.02,0.7777777777777778
0.0,0.0,10.0,0.0,0.0,0.4444444444444444
5.0,0.0,14.0,5.0,0.0008333333333333334,0.6666666666666666
0.0,5.0,17.0,300.0,0.05,0.8333333333333334
0.0,1.0,16.0,60.0,0.01,0.7777777777777778
30.0,0.0,15.0,30.0,0.005,0.7222222222222222
0.0,3.0,16.0,180.0,0.03,0.7777777777777778
0.0,1.0,17.0,60.0,0.01,0.8333333333333334
0.0,3.0,15.0,180.0,0.03,0.7222222222222222
0.0,2.0,15.0,120.0,0.02,0.7222222222222222
0.0,1.0,17.0,60.0,0.01,0.8333333333333334
30.0,0.0,13.0,30.0,0.005,0.6111111111111112
0.0,0.0,12.0,0.0,0.0,0.5555555555555556
0.0,1.0,15.0,60.0,0.01,0.7222222222222222
15.0,0.0,13.0,15.0,0.0025,0.6111111111111112
0.0,10.0,13.0,600.0,0.1,0.6111111111111112
0.0,0.0,14.0,0.0,0.0,0.6666666666666666
0.0,20.0,14.0,1200.0,0.2,0.6666666666666666
30.0,0.0,14.0,30.0,0.005,0.6666666666666666
30.0,0.0,12.0,30.0,0.005,0.5555555555555556
0.0,4.0,19.0,240.0,0.04,0.9444444444444444
0.0,4.0,11.0,240.0,0.04,0.5
0.0,6.0,20.0,360.0,0.06,1.0
0.0,1.0,16.0,60.0,0.01,0.7777777777777778
0.0,10.0,16.0,600.0,0.1,0.7777777777777778
30.0,1.0,14.0,90.0,0.015,0.6666666666666666
0.0,2.0,14.0,120.0,0.02,0.6666666666666666
0.0,20.0,16.0,1200.0,0.2,0.7777777777777778
0.0,25.0,20.0,1500.0,0.25,1.0
0.0,1.0,12.0,60.0,0.01,0.5555555555555556
0.0,4.0,15.0,240.0,0.04,0.7222222222222222
0.0,2.0,12.0,120.0,0.02,0.5555555555555556
0.0,2.0,12.0,120.0,0.02,0.5555555555555556
30.0,0.0,14.0,30.0,0.005,0.6666666666666666
0.0,0.0,10.0,0.0,0.0,0.4444444444444444
0.0,10.0,13.0,600.0,0.1,0.6111111111111112
5.0,0.0,13.0,5.0,0.0008333333333333334,0.6111111111111112
0.0,1.0,12.0,60.0,0.01,0.5555555555555556
30.0,0.0,14.0,30.0,0.005,0.6666666666666666
0.0,3.0,15.0,180.0,0.03,0.7222222222222222
5.0,0.0,9.0,5.0,0.0008333333333333334,0.3888888888888889
0.0,0.0,10.0,0.0,0.0,0.4444444444444444
10.0,0.0,12.0,10.0,0.0016666666666666668,0.5555555555555556
15.0,0.0,11.0,15.0,0.0025,0.5
0.0,0.0,11.0,0.0,0.0,0.5
15.0,0.0,13.0,15.0,0.0025,0.6111111111111112
0.0,2.0,14.0,120.0,0.02,0.6666666666666666
5.0,0.0,14.0,5.0,0.0008333333333333334,0.6666666666666666
0.0,0.0,8.0,0.0,0.0,0.3333333333333333
20.0,0.0,12.0,20.0,0.0033333333333333335,0.5555555555555556
0.0,42.0,14.0,2520.0,0.42,0.6666666666666666
0.0,0.0,12.0,0.0,0.0,0.5555555555555556
0.0,10.0,14.0,600.0,0.1,0.6666666666666666
2.0,0.0,14.0,2.0,0.0003333333333333333,0.6666666666666666
0.0,50.0,13.0,3000.0,0.5,0.6111111111111112
0.0,20.0,13.0,1200.0,0.2,0.6111111111111112
0.0,5.0,10.0,300.0,0.05,0.4444444444444444
0.0,1.0,12.0,60.0,0.01,0.5555555555555556
0.0,0.0,14.0,0.0,0.0,0.6666666666666666
0.0,7.0,17.0,420.0,0.07,0.8333333333333334
20.0,0.0,2.0,20.0,0.0033333333333333335,0.0
0.0,30.0,15.0,1800.0,0.3,0.7222222222222222
0.0,10.0,12.0,600.0,0.1,0.5555555555555556
0.0,25.0,13.0,1500.0,0.25,0.6111111111111112
30.0,0.0,12.0,30.0,0.005,0.5555555555555556
0.0,1.0,17.0,60.0,0.01,0.8333333333333334
0.0,0.0,11.0,0.0,0.0,0.5
15.0,0.0,15.0,15.0,0.0025,0.7222222222222222
0.0,12.0,15.0,720.0,0.12,0.7222222222222222
0.0,1.0,10.0,60.0,0.01,0.4444444444444444
0.0,2.0,14.0,120.0,0.02,0.6666666666666666
0.0,0.0,11.0,0.0,0.0,0.5
0.0,6.0,15.0,360.0,0.06,0.7222222222222222
0.0,0.0,12.0,0.0,0.0,0.5555555555555556
10.0,0.0,16.0,10.0,0.0016666666666666668,0.7777777777777778
0.0,2.0,12.0,120.0,0.02,0.5555555555555556
15.0,0.0,15.0,15.0,0.0025,0.7222222222222222
0.0,5.0,14.0,300.0,0.05,0.6666666666666666
0.0,15.0,16.0,900.0,0.15,0.7777777777777778
0.0,15.0,14.0,900.0,0.15,0.6666666666666666
0.0,1.0,12.0,60.0,0.01,0.5555555555555556
0.0,0.0,16.0,0.0,0.0,0.7777777777777778
50.0,0.0,15.0,50.0,0.008333333333333333,0.7222222222222222
0.0,2.0,18.0,120.0,0.02,0.8888888888888888
0.0,4.0,15.0,240.0,0.04,0.7222222222222222
0.0,0.0,13.0,0.0,0.0,0.6111111111111112
0.0,1.0,12.0,60.0,0.01,0.5555555555555556
0.0,1.0,13.0,60.0,0.01,0.6111111111111112
0.0,4.0,13.0,240.0,0.04,0.6111111111111112
0.0,16.0,14.0,960.0,0.16,0.6666666666666666
0.0,1.0,4.0,60.0,0.01,0.1111111111111111
0.0,1.0,12.0,60.0,0.01,0.5555555555555556
0.0,0.0,10.0,0.0,0.0,0.4444444444444444
0.0,2.0,9.0,120.0,0.02,0.3888888888888889
30.0,0.0,14.0,30.0,0.005,0.6666666666666666
0.0,2.0,9.0,120.0,0.02,0.3888888888888889
0.0,18.0,14.0,1080.0,0.18,0.6666666666666666
0.0,0.0,14.0,0.0,0.0,0.6666666666666666
0.0,2.0,12.0,120.0,0.02,0.5555555555555556
30.0,0.0,12.0,30.0,0.005,0.5555555555555556
45.0,0.0,16.0,45.0,0.0075,0.7777777777777778
0.0,2.0,16.0,120.0,0.02,0.7777777777777778
0.0,20.0,17.0,1200.0,0.2,0.8333333333333334
5.0,0.0,12.0,5.0,0.0008333333333333334,0.5555555555555556
0.0,0.0,12.0,0.0,0.0,0.5555555555555556
0.0,1.0,13.0,60.0,0.01,0.6111111111111112
0.0,2.0,16.0,120.0,0.02,0.7777777777777778
0.0,1.0,14.0,60.0,0.01,0.6666666666666666
30.0,0.0,11.0,30.0,0.005,0.5
0.0,1.0,17.0,60.0,0.01,0.8333333333333334
0.0,3.0,13.0,180.0,0.03,0.6111111111111112
0.0,1.0,14.0,60.0,0.01,0.6666666666666666
0.0,0.0,10.0,0.0,0.0,0.4444444444444444
0.0,1.0,16.0,60.0,0.01,0.7777777777777778
0.0,7.0,12.0,420.0,0.07,0.5555555555555556
0.0,1.0,16.0,60.0,0.01,0.7777777777777778
0.0,2.0,14.0,120.0,0.02,0.6666666666666666
0.0,3.0,14.0,180.0,0.03,0.6666666666666666
0.0,15.0,18.0,900.0,0.15,0.8888888888888888
0.0,8.0,18.0,480.0,0.08,0.8888888888888888
0.0,1.0,16.0,60.0,0.01,0.7777777777777778
0.0,10.0,17.0,600.0,0.1,0.8333333333333334
0.0,0.0,12.0,0.0,0.0,0.5555555555555556
0.0,1.0,14.0,60.0,0.01,0.6666666666666666
0.0,1.0,14.0,60.0,0.01,0.6666666666666666
0.0,1.0,14.0,60.0,0.01,0.6666666666666666
0.0,12.0,12.0,720.0,0.12,0.5555555555555556
0.0,1.0,16.0,60.0,0.01,0.7777777777777778
0.0,4.0,12.0,240.0,0.04,0.5555555555555556
10.0,0.0,12.0,10.0,0.0016666666666666668,0.5555555555555556
0.0,1.0,12.0,60.0,0.01,0.5555555555555556
0.0,7.0,14.0,420.0,0.07,0.6666666666666666
0.0,5.0,12.0,300.0,0.05,0.5555555555555556
0.0,30.0,12.0,1800.0,0.3,0.5555555555555556
30.0,1.0,12.0,90.0,0.015,0.5555555555555556
0.0,1.0,14.0,60.0,0.01,0.6666666666666666
0.0,0.0,18.0,0.0,0.0,0.8888888888888888
0.0,10.0,12.0,600.0,0.1,0.5555555555555556
0.0,5.0,16.0,300.0,0.05,0.7777777777777778
0.0,0.0,12.0,0.0,0.0,0.5555555555555556
0.0,1.0,12.0,60.0,0.01,0.5555555555555556
0.0,2.0,17.0,120.0,0.02,0.8333333333333334
0.0,0.0,10.0,0.0,0.0,0.4444444444444444
0.0,5.0,20.0,300.0,0.05,1.0
0.0,2.0,14.0,120.0,0.02,0.6666666666666666
0.0,0.0,11.0,0.0,0.0,0.5
10.0,0.0,12.0,10.0,0.0016666666666666668,0.5555555555555556
0.0,14.0,16.0,840.0,0.14,0.7777777777777778
0.0,0.0,12.0,0.0,0.0,0.5555555555555556
0.0,0.0,12.0,0.0,0.0,0.5555555555555556
0.0,0.0,12.0,0.0,0.0,0.5555555555555556
0.0,5.0,13.0,300.0,0.05,0.6111111111111112
0.0,8.0,14.0,480.0,0.08,0.6666666666666666
0.0,5.0,12.0,300.0,0.05,0.5555555555555556
0.0,2.0,13.0,120.0,0.02,0.6111111111111112
0.0,0.0,10.0,0.0,0.0,0.4444444444444444
0.0,0.0,9.0,0.0,0.0,0.3888888888888889
0.0,0.0,12.0,0.0,0.0,0.5555555555555556
0.0,5.0,20.0,300.0,0.05,1.0
0.0,10.0,16.0,600.0,0.1,0.7777777777777778
0.0,12.0,20.0,720.0,0.12,1.0
0.0,2.0,18.0,120.0,0.02,0.8888888888888888
0.0,30.0,10.0,1800.0,0.3,0.4444444444444444
0.0,0.0,7.0,0.0,0.0,0.2777777777777778
0.0,5.0,16.0,300.0,0.05,0.7777777777777778
0.0,40.0,13.0,2400.0,0.4,0.6111111111111112
0.0,1.0,17.0,60.0,0.01,0.8333333333333334
0.0,1.0,15.0,60.0,0.01,0.7222222222222222
0.0,3.0,12.0,180.0,0.03,0.5555555555555556
0.0,1.0,13.0,60.0,0.01,0.6111111111111112
0.0,20.0,12.0,1200.0,0.2,0.5555555555555556
0.0,7.0,20.0,420.0,0.07,1.0
0.0,0.0,10.0,0.0,0.0,0.4444444444444444
0.0,5.0,18.0,300.0,0.05,0.8888888888888888
10.0,0.0,12.0,10.0,0.0016666666666666668,0.5555555555555556
0.0,7.0,16.0,420.0,0.07,0.7777777777777778
0.0,3.0,18.0,180.0,0.03,0.8888888888888888
0.0,12.0,16.0,720.0,0.12,0.7777777777777778
0.0,0.0,12.0,0.0,0.0,0.5555555555555556
0.0,0.0,9.0,0.0,0.0,0.3888888888888889
0.0,15.0,14.0,900.0,0.15,0.6666666666666666
0.0,10.0,15.0,600.0,0.1,0.7222222222222222
0.0,1.0,15.0,60.0,0.01,0.7222222222222222
0.0,1.0,18.0,60.0,0.01,0.8888888888888888
0.0,2.0,15.0,120.0,0.02,0.7222222222222222
30.0,0.0,13.0,30.0,0.005,0.6111111111111112
0.0,5.0,12.0,300.0,0.05,0.5555555555555556
0.0,0.0,10.0,0.0,0.0,0.4444444444444444
0.0,1.0,12.0,60.0,0.01,0.5555555555555556
0.0,4.0,15.0,240.0,0.04,0.7222222222222222
0.0,0.0,12.0,0.0,0.0,0.5555555555555556
0.0,0.0,12.0,0.0,0.0,0.5555555555555556
0.0,0.0,13.0,0.0,0.0,0.6111111111111112
0.0,0.0,12.0,0.0,0.0,0.5555555555555556
0.0,8.0,11.0,480.0,0.08,0.5
0.0,4.0,12.0,240.0,0.04,0.5555555555555556
0.0,0.0,12.0,0.0,0.0,0.5555555555555556
0.0,0.0,14.0,0.0,0.0,0.6666666666666666
20.0,0.0,9.0,20.0,0.0033333333333333335,0.3888888888888889
0.0,2.0,12.0,120.0,0.02,0.5555555555555556
0.0,1.0,12.0,60.0,0.01,0.5555555555555556
0.0,0.0,12.0,0.0,0.0,0.5555555555555556
0.0,30.0,14.0,1800.0,0.3,0.6666666666666666
0.0,5.0,19.0,300.0,0.05,0.9444444444444444
30.0,0.0,11.0,30.0,0.005,0.5
30.0,1.0,12.0,90.0,0.015,0.5555555555555556
0.0,12.0,12.0,720.0,0.12,0.5555555555555556
0.0,8.0,11.0,480.0,0.08,0.5
0.0,0.0,10.0,0.0,0.0,0.4444444444444444
0.0,4.0,12.0,240.0,0.04,0.5555555555555556
40.0,0.0,12.0,40.0,0.006666666666666667,0.5555555555555556
10.0,0.0,10.0,10.0,0.0016666666666666668,0.4444444444444444
0.0,1.0,16.0,60.0,0.01,0.7777777777777778
30.0,0.0,14.0,30.0,0.005,0.6666666666666666
0.0,1.0,6.0,60.0,0.01,0.2222222222222222
0.0,1.0,12.0,60.0,0.01,0.5555555555555556
0.0,4.0,12.0,240.0,0.04,0.5555555555555556
0.0,0.0,12.0,0.0,0.0,0.5555555555555556
0.0,0.0,16.0,0.0,0.0,0.7777777777777778
0.0,1.0,12.0,60.0,0.01,0.5555555555555556
30.0,2.0,18.0,150.0,0.025,0.8888888888888888
0.0,40.0,19.0,2400.0,0.4,0.9444444444444444
0.0,0.0,18.0,0.0,0.0,0.8888888888888888
0.0,4.0,16.0,240.0,0.04,0.7777777777777778
0.0,1.0,10.0,60.0,0.01,0.4444444444444444
0.0,1.0,12.0,60.0,0.01,0.5555555555555556
30.0,0.0,12.0,30.0,0.005,0.5555555555555556
0.0,2.0,20.0,120.0,0.02,1.0
0.0,4.0,16.0,240.0,0.04,0.7777777777777778
0.0,1.0,16.0,60.0,0.01,0.7777777777777778
0.0,0.0,12.0,0.0,0.0,0.5555555555555556
0.0,7.0,18.0,420.0,0.07,0.8888888888888888
0.0,10.0,16.0,600.0,0.1,0.7777777777777778
0.0,20.0,16.0,1200.0,0.2,0.7777777777777778
0.0,8.0,16.0,480.0,0.08,0.7777777777777778
0.0,10.0,16.0,600.0,0.1,0.7777777777777778
0.0,2.0,14.0,120.0,0.02,0.6666666666666666
0.0,5.0,14.0,300.0,0.05,0.6666666666666666
0.0,6.0,14.0,360.0,0.06,0.6666666666666666
0.0,20.0,12.0,1200.0,0.2,0.5555555555555556
0.0,10.0,16.0,600.0,0.1,0.7777777777777778
0.0,5.0,15.0,300.0,0.05,0.7222222222222222
0.0,1.0,15.0,60.0,0.01,0.7222222222222222
0.0,12.0,12.0,720.0,0.12,0.5555555555555556
0.0,4.0,15.0,240.0,0.04,0.7222222222222222
0.0,1.0,13.0,60.0,0.01,0.6111111111111112
0.0,20.0,20.0,1200.0,0.2,1.0
0.0,2.0,15.0,120.0,0.02,0.7222222222222222
0.0,0.0,14.0,0.0,0.0,0.6666666666666666
0.0,1.0,14.0,60.0,0.01,0.6666666666666666
